run,type,module,name,attrname,attrvalue,vectime,vecvalue
General-0-20231204-10:01:37-5294,runattr,,,configname,General,,
General-0-20231204-10:01:37-5294,runattr,,,datetime,20231204-10:01:37,,
General-0-20231204-10:01:37-5294,runattr,,,datetimef,20231204-100137,,
General-0-20231204-10:01:37-5294,runattr,,,experiment,General,,
General-0-20231204-10:01:37-5294,runattr,,,inifile,/home/ubuntu/omnetpp-6.0.1/samples/inet4.5/tutorials/extensibility_routing/omnetpp.ini,,
General-0-20231204-10:01:37-5294,runattr,,,iterationvars,,,
General-0-20231204-10:01:37-5294,runattr,,,iterationvarsd,,,
General-0-20231204-10:01:37-5294,runattr,,,iterationvarsf,,,
General-0-20231204-10:01:37-5294,runattr,,,measurement,,,
General-0-20231204-10:01:37-5294,runattr,,,network,TSN_multipath,,
General-0-20231204-10:01:37-5294,runattr,,,processid,5294,,
General-0-20231204-10:01:37-5294,runattr,,,repetition,0,,
General-0-20231204-10:01:37-5294,runattr,,,replication,#0,,
General-0-20231204-10:01:37-5294,runattr,,,resultdir,results,,
General-0-20231204-10:01:37-5294,runattr,,,runnumber,0,,
General-0-20231204-10:01:37-5294,runattr,,,seedset,0,,
General-0-20231204-10:01:37-5294,config,,,image-path,/home/ubuntu/omnetpp-6.0.1/samples/inet4.5/images,,
General-0-20231204-10:01:37-5294,config,,,network,TSN_multipath,,
General-0-20231204-10:01:37-5294,config,,,sim-time-limit,10ms,,
General-0-20231204-10:01:37-5294,config,,,*.macForwardingTableConfigurator.typename,,,
General-0-20231204-10:01:37-5294,config,,,*.*.hasStreamRedundancy,true,,
General-0-20231204-10:01:37-5294,config,,,*.*.bridging.streamRelay.typename,StreamRelayLayer,,
General-0-20231204-10:01:37-5294,config,,,*.*.bridging.streamCoder.typename,StreamCoderLayer,,
General-0-20231204-10:01:37-5294,config,,,*.streamRedundancyConfigurator.typename,StreamRedundancyConfigurator,,
General-0-20231204-10:01:37-5294,config,,,*.host0.eth[0].bitrate,1000Mbps,,
General-0-20231204-10:01:37-5294,config,,,*.switch0.eth[0].bitrate,1000Mbps,,
General-0-20231204-10:01:37-5294,config,,,*.switch0.eth[1].bitrate,2300Mbps,,
General-0-20231204-10:01:37-5294,config,,,*.switch0.eth[2].bitrate,2200Mbps,,
General-0-20231204-10:01:37-5294,config,,,*.switch0.eth[3].bitrate,2000Mbps,,
General-0-20231204-10:01:37-5294,config,,,*.switch0.eth[4].bitrate,1300Mbps,,
General-0-20231204-10:01:37-5294,config,,,*.switch0.eth[5].bitrate,2000Mbps,,
General-0-20231204-10:01:37-5294,config,,,*.switch0.eth[6].bitrate,1300Mbps,,
General-0-20231204-10:01:37-5294,config,,,*.switch0.eth[7].bitrate,1200Mbps,,
General-0-20231204-10:01:37-5294,config,,,*.switch0.eth[8].bitrate,1200Mbps,,
General-0-20231204-10:01:37-5294,config,,,*.switch0.eth[9].bitrate,1500Mbps,,
General-0-20231204-10:01:37-5294,config,,,*.switch0.eth[10].bitrate,1500Mbps,,
General-0-20231204-10:01:37-5294,config,,,*.switch0.eth[11].bitrate,1800Mbps,,
General-0-20231204-10:01:37-5294,config,,,*.host1.eth[0].bitrate,1000Mbps,,
General-0-20231204-10:01:37-5294,config,,,*.switch1.eth[0].bitrate,1000Mbps,,
General-0-20231204-10:01:37-5294,config,,,*.switch1.eth[1].bitrate,1300Mbps,,
General-0-20231204-10:01:37-5294,config,,,*.switch1.eth[2].bitrate,2200Mbps,,
General-0-20231204-10:01:37-5294,config,,,*.switch1.eth[3].bitrate,2100Mbps,,
General-0-20231204-10:01:37-5294,config,,,*.switch1.eth[4].bitrate,2400Mbps,,
General-0-20231204-10:01:37-5294,config,,,*.switch1.eth[5].bitrate,1500Mbps,,
General-0-20231204-10:01:37-5294,config,,,*.switch1.eth[6].bitrate,2000Mbps,,
General-0-20231204-10:01:37-5294,config,,,*.switch1.eth[7].bitrate,1600Mbps,,
General-0-20231204-10:01:37-5294,config,,,*.switch1.eth[8].bitrate,2200Mbps,,
General-0-20231204-10:01:37-5294,config,,,*.switch1.eth[9].bitrate,1300Mbps,,
General-0-20231204-10:01:37-5294,config,,,*.switch1.eth[10].bitrate,1900Mbps,,
General-0-20231204-10:01:37-5294,config,,,*.switch1.eth[11].bitrate,2000Mbps,,
General-0-20231204-10:01:37-5294,config,,,*.switch1.eth[12].bitrate,1300Mbps,,
General-0-20231204-10:01:37-5294,config,,,*.switch1.eth[13].bitrate,2300Mbps,,
General-0-20231204-10:01:37-5294,config,,,*.switch1.eth[14].bitrate,1900Mbps,,
General-0-20231204-10:01:37-5294,config,,,*.switch1.eth[15].bitrate,1400Mbps,,
General-0-20231204-10:01:37-5294,config,,,*.switch1.eth[16].bitrate,2000Mbps,,
General-0-20231204-10:01:37-5294,config,,,*.switch1.eth[17].bitrate,1700Mbps,,
General-0-20231204-10:01:37-5294,config,,,*.switch1.eth[18].bitrate,2000Mbps,,
General-0-20231204-10:01:37-5294,config,,,*.host2.eth[0].bitrate,1000Mbps,,
General-0-20231204-10:01:37-5294,config,,,*.switch2.eth[0].bitrate,1000Mbps,,
General-0-20231204-10:01:37-5294,config,,,*.switch2.eth[1].bitrate,1300Mbps,,
General-0-20231204-10:01:37-5294,config,,,*.switch2.eth[2].bitrate,2000Mbps,,
General-0-20231204-10:01:37-5294,config,,,*.switch2.eth[3].bitrate,2200Mbps,,
General-0-20231204-10:01:37-5294,config,,,*.switch2.eth[4].bitrate,2100Mbps,,
General-0-20231204-10:01:37-5294,config,,,*.switch2.eth[5].bitrate,1400Mbps,,
General-0-20231204-10:01:37-5294,config,,,*.switch2.eth[6].bitrate,1300Mbps,,
General-0-20231204-10:01:37-5294,config,,,*.switch2.eth[7].bitrate,1300Mbps,,
General-0-20231204-10:01:37-5294,config,,,*.switch2.eth[8].bitrate,1600Mbps,,
General-0-20231204-10:01:37-5294,config,,,*.switch2.eth[9].bitrate,1200Mbps,,
General-0-20231204-10:01:37-5294,config,,,*.switch2.eth[10].bitrate,1800Mbps,,
General-0-20231204-10:01:37-5294,config,,,*.switch2.eth[11].bitrate,2200Mbps,,
General-0-20231204-10:01:37-5294,config,,,*.switch2.eth[12].bitrate,2400Mbps,,
General-0-20231204-10:01:37-5294,config,,,*.switch2.eth[13].bitrate,2300Mbps,,
General-0-20231204-10:01:37-5294,config,,,*.switch2.eth[14].bitrate,1300Mbps,,
General-0-20231204-10:01:37-5294,config,,,*.switch2.eth[15].bitrate,2300Mbps,,
General-0-20231204-10:01:37-5294,config,,,*.switch2.eth[16].bitrate,2100Mbps,,
General-0-20231204-10:01:37-5294,config,,,*.switch2.eth[17].bitrate,2400Mbps,,
General-0-20231204-10:01:37-5294,config,,,*.switch2.eth[18].bitrate,2400Mbps,,
General-0-20231204-10:01:37-5294,config,,,*.switch2.eth[19].bitrate,1900Mbps,,
General-0-20231204-10:01:37-5294,config,,,*.host3.eth[0].bitrate,1000Mbps,,
General-0-20231204-10:01:37-5294,config,,,*.switch3.eth[0].bitrate,1000Mbps,,
General-0-20231204-10:01:37-5294,config,,,*.switch3.eth[1].bitrate,2100Mbps,,
General-0-20231204-10:01:37-5294,config,,,*.switch3.eth[2].bitrate,1300Mbps,,
General-0-20231204-10:01:37-5294,config,,,*.switch3.eth[3].bitrate,1300Mbps,,
General-0-20231204-10:01:37-5294,config,,,*.switch3.eth[4].bitrate,1800Mbps,,
General-0-20231204-10:01:37-5294,config,,,*.switch3.eth[5].bitrate,1400Mbps,,
General-0-20231204-10:01:37-5294,config,,,*.switch3.eth[6].bitrate,1400Mbps,,
General-0-20231204-10:01:37-5294,config,,,*.switch3.eth[7].bitrate,1300Mbps,,
General-0-20231204-10:01:37-5294,config,,,*.switch3.eth[8].bitrate,1400Mbps,,
General-0-20231204-10:01:37-5294,config,,,*.switch3.eth[9].bitrate,2000Mbps,,
General-0-20231204-10:01:37-5294,config,,,*.switch3.eth[10].bitrate,1500Mbps,,
General-0-20231204-10:01:37-5294,config,,,*.switch3.eth[11].bitrate,1200Mbps,,
General-0-20231204-10:01:37-5294,config,,,*.switch3.eth[12].bitrate,2000Mbps,,
General-0-20231204-10:01:37-5294,config,,,*.switch3.eth[13].bitrate,1800Mbps,,
General-0-20231204-10:01:37-5294,config,,,*.switch3.eth[14].bitrate,1700Mbps,,
General-0-20231204-10:01:37-5294,config,,,*.switch3.eth[15].bitrate,2400Mbps,,
General-0-20231204-10:01:37-5294,config,,,*.switch3.eth[16].bitrate,1600Mbps,,
General-0-20231204-10:01:37-5294,config,,,*.switch3.eth[17].bitrate,2300Mbps,,
General-0-20231204-10:01:37-5294,config,,,*.switch3.eth[18].bitrate,2300Mbps,,
General-0-20231204-10:01:37-5294,config,,,*.switch3.eth[19].bitrate,2100Mbps,,
General-0-20231204-10:01:37-5294,config,,,*.switch3.eth[20].bitrate,2000Mbps,,
General-0-20231204-10:01:37-5294,config,,,*.switch3.eth[21].bitrate,1900Mbps,,
General-0-20231204-10:01:37-5294,config,,,*.switch3.eth[22].bitrate,1400Mbps,,
General-0-20231204-10:01:37-5294,config,,,*.switch3.eth[23].bitrate,2400Mbps,,
General-0-20231204-10:01:37-5294,config,,,*.switch3.eth[24].bitrate,1300Mbps,,
General-0-20231204-10:01:37-5294,config,,,*.switch3.eth[25].bitrate,2200Mbps,,
General-0-20231204-10:01:37-5294,config,,,*.switch3.eth[26].bitrate,1300Mbps,,
General-0-20231204-10:01:37-5294,config,,,*.switch3.eth[27].bitrate,1300Mbps,,
General-0-20231204-10:01:37-5294,config,,,*.switch3.eth[28].bitrate,1700Mbps,,
General-0-20231204-10:01:37-5294,config,,,*.host4.eth[0].bitrate,1000Mbps,,
General-0-20231204-10:01:37-5294,config,,,*.switch4.eth[0].bitrate,1000Mbps,,
General-0-20231204-10:01:37-5294,config,,,*.switch4.eth[1].bitrate,1400Mbps,,
General-0-20231204-10:01:37-5294,config,,,*.switch4.eth[2].bitrate,2000Mbps,,
General-0-20231204-10:01:37-5294,config,,,*.switch4.eth[3].bitrate,1700Mbps,,
General-0-20231204-10:01:37-5294,config,,,*.switch4.eth[4].bitrate,1500Mbps,,
General-0-20231204-10:01:37-5294,config,,,*.switch4.eth[5].bitrate,2000Mbps,,
General-0-20231204-10:01:37-5294,config,,,*.switch4.eth[6].bitrate,2000Mbps,,
General-0-20231204-10:01:37-5294,config,,,*.switch4.eth[7].bitrate,1700Mbps,,
General-0-20231204-10:01:37-5294,config,,,*.switch4.eth[8].bitrate,2300Mbps,,
General-0-20231204-10:01:37-5294,config,,,*.switch4.eth[9].bitrate,2400Mbps,,
General-0-20231204-10:01:37-5294,config,,,*.switch4.eth[10].bitrate,1900Mbps,,
General-0-20231204-10:01:37-5294,config,,,*.switch4.eth[11].bitrate,1300Mbps,,
General-0-20231204-10:01:37-5294,config,,,*.switch4.eth[12].bitrate,1500Mbps,,
General-0-20231204-10:01:37-5294,config,,,*.switch4.eth[13].bitrate,2000Mbps,,
General-0-20231204-10:01:37-5294,config,,,*.host5.eth[0].bitrate,1000Mbps,,
General-0-20231204-10:01:37-5294,config,,,*.switch5.eth[0].bitrate,1000Mbps,,
General-0-20231204-10:01:37-5294,config,,,*.switch5.eth[1].bitrate,1400Mbps,,
General-0-20231204-10:01:37-5294,config,,,*.switch5.eth[2].bitrate,1400Mbps,,
General-0-20231204-10:01:37-5294,config,,,*.switch5.eth[3].bitrate,1700Mbps,,
General-0-20231204-10:01:37-5294,config,,,*.switch5.eth[4].bitrate,1900Mbps,,
General-0-20231204-10:01:37-5294,config,,,*.switch5.eth[5].bitrate,1800Mbps,,
General-0-20231204-10:01:37-5294,config,,,*.switch5.eth[6].bitrate,2000Mbps,,
General-0-20231204-10:01:37-5294,config,,,*.switch5.eth[7].bitrate,1300Mbps,,
General-0-20231204-10:01:37-5294,config,,,*.switch5.eth[8].bitrate,1200Mbps,,
General-0-20231204-10:01:37-5294,config,,,*.switch5.eth[9].bitrate,1300Mbps,,
General-0-20231204-10:01:37-5294,config,,,*.switch5.eth[10].bitrate,2000Mbps,,
General-0-20231204-10:01:37-5294,config,,,*.switch5.eth[11].bitrate,1900Mbps,,
General-0-20231204-10:01:37-5294,config,,,*.switch5.eth[12].bitrate,1300Mbps,,
General-0-20231204-10:01:37-5294,config,,,*.switch5.eth[13].bitrate,1800Mbps,,
General-0-20231204-10:01:37-5294,config,,,*.switch5.eth[14].bitrate,2000Mbps,,
General-0-20231204-10:01:37-5294,config,,,*.switch5.eth[15].bitrate,1900Mbps,,
General-0-20231204-10:01:37-5294,config,,,*.switch5.eth[16].bitrate,1900Mbps,,
General-0-20231204-10:01:37-5294,config,,,*.switch5.eth[17].bitrate,1500Mbps,,
General-0-20231204-10:01:37-5294,config,,,*.switch5.eth[18].bitrate,2400Mbps,,
General-0-20231204-10:01:37-5294,config,,,*.host6.eth[0].bitrate,1000Mbps,,
General-0-20231204-10:01:37-5294,config,,,*.switch6.eth[0].bitrate,1000Mbps,,
General-0-20231204-10:01:37-5294,config,,,*.switch6.eth[1].bitrate,1300Mbps,,
General-0-20231204-10:01:37-5294,config,,,*.switch6.eth[2].bitrate,2000Mbps,,
General-0-20231204-10:01:37-5294,config,,,*.switch6.eth[3].bitrate,2000Mbps,,
General-0-20231204-10:01:37-5294,config,,,*.switch6.eth[4].bitrate,2200Mbps,,
General-0-20231204-10:01:37-5294,config,,,*.switch6.eth[5].bitrate,1900Mbps,,
General-0-20231204-10:01:37-5294,config,,,*.switch6.eth[6].bitrate,1900Mbps,,
General-0-20231204-10:01:37-5294,config,,,*.switch6.eth[7].bitrate,1200Mbps,,
General-0-20231204-10:01:37-5294,config,,,*.switch6.eth[8].bitrate,1500Mbps,,
General-0-20231204-10:01:37-5294,config,,,*.switch6.eth[9].bitrate,2400Mbps,,
General-0-20231204-10:01:37-5294,config,,,*.switch6.eth[10].bitrate,1700Mbps,,
General-0-20231204-10:01:37-5294,config,,,*.switch6.eth[11].bitrate,2100Mbps,,
General-0-20231204-10:01:37-5294,config,,,*.switch6.eth[12].bitrate,2000Mbps,,
General-0-20231204-10:01:37-5294,config,,,*.switch6.eth[13].bitrate,2000Mbps,,
General-0-20231204-10:01:37-5294,config,,,*.switch6.eth[14].bitrate,1200Mbps,,
General-0-20231204-10:01:37-5294,config,,,*.switch6.eth[15].bitrate,2300Mbps,,
General-0-20231204-10:01:37-5294,config,,,*.switch6.eth[16].bitrate,2000Mbps,,
General-0-20231204-10:01:37-5294,config,,,*.switch6.eth[17].bitrate,1600Mbps,,
General-0-20231204-10:01:37-5294,config,,,*.switch6.eth[18].bitrate,1700Mbps,,
General-0-20231204-10:01:37-5294,config,,,*.switch6.eth[19].bitrate,1200Mbps,,
General-0-20231204-10:01:37-5294,config,,,*.switch6.eth[20].bitrate,2100Mbps,,
General-0-20231204-10:01:37-5294,config,,,*.switch6.eth[21].bitrate,2200Mbps,,
General-0-20231204-10:01:37-5294,config,,,*.switch6.eth[22].bitrate,1200Mbps,,
General-0-20231204-10:01:37-5294,config,,,*.switch6.eth[23].bitrate,2400Mbps,,
General-0-20231204-10:01:37-5294,config,,,*.host7.eth[0].bitrate,1000Mbps,,
General-0-20231204-10:01:37-5294,config,,,*.switch7.eth[0].bitrate,1000Mbps,,
General-0-20231204-10:01:37-5294,config,,,*.switch7.eth[1].bitrate,2300Mbps,,
General-0-20231204-10:01:37-5294,config,,,*.switch7.eth[2].bitrate,2200Mbps,,
General-0-20231204-10:01:37-5294,config,,,*.switch7.eth[3].bitrate,1300Mbps,,
General-0-20231204-10:01:37-5294,config,,,*.switch7.eth[4].bitrate,1400Mbps,,
General-0-20231204-10:01:37-5294,config,,,*.switch7.eth[5].bitrate,1300Mbps,,
General-0-20231204-10:01:37-5294,config,,,*.switch7.eth[6].bitrate,2400Mbps,,
General-0-20231204-10:01:37-5294,config,,,*.switch7.eth[7].bitrate,1400Mbps,,
General-0-20231204-10:01:37-5294,config,,,*.switch7.eth[8].bitrate,2300Mbps,,
General-0-20231204-10:01:37-5294,config,,,*.switch7.eth[9].bitrate,1300Mbps,,
General-0-20231204-10:01:37-5294,config,,,*.switch7.eth[10].bitrate,1600Mbps,,
General-0-20231204-10:01:37-5294,config,,,*.switch7.eth[11].bitrate,1300Mbps,,
General-0-20231204-10:01:37-5294,config,,,*.switch7.eth[12].bitrate,2100Mbps,,
General-0-20231204-10:01:37-5294,config,,,*.switch7.eth[13].bitrate,2000Mbps,,
General-0-20231204-10:01:37-5294,config,,,*.switch7.eth[14].bitrate,1300Mbps,,
General-0-20231204-10:01:37-5294,config,,,*.switch7.eth[15].bitrate,1700Mbps,,
General-0-20231204-10:01:37-5294,config,,,*.switch7.eth[16].bitrate,1700Mbps,,
General-0-20231204-10:01:37-5294,config,,,*.switch7.eth[17].bitrate,1700Mbps,,
General-0-20231204-10:01:37-5294,config,,,*.switch7.eth[18].bitrate,1700Mbps,,
General-0-20231204-10:01:37-5294,config,,,*.switch7.eth[19].bitrate,1300Mbps,,
General-0-20231204-10:01:37-5294,config,,,*.switch7.eth[20].bitrate,2400Mbps,,
General-0-20231204-10:01:37-5294,config,,,*.switch7.eth[21].bitrate,2300Mbps,,
General-0-20231204-10:01:37-5294,config,,,*.switch7.eth[22].bitrate,2300Mbps,,
General-0-20231204-10:01:37-5294,config,,,*.switch7.eth[23].bitrate,1900Mbps,,
General-0-20231204-10:01:37-5294,config,,,*.switch7.eth[24].bitrate,1200Mbps,,
General-0-20231204-10:01:37-5294,config,,,*.switch7.eth[25].bitrate,2100Mbps,,
General-0-20231204-10:01:37-5294,config,,,*.switch7.eth[26].bitrate,1900Mbps,,
General-0-20231204-10:01:37-5294,config,,,*.switch7.eth[27].bitrate,1200Mbps,,
General-0-20231204-10:01:37-5294,config,,,*.host8.eth[0].bitrate,1000Mbps,,
General-0-20231204-10:01:37-5294,config,,,*.switch8.eth[0].bitrate,1000Mbps,,
General-0-20231204-10:01:37-5294,config,,,*.switch8.eth[1].bitrate,2200Mbps,,
General-0-20231204-10:01:37-5294,config,,,*.switch8.eth[2].bitrate,2000Mbps,,
General-0-20231204-10:01:37-5294,config,,,*.switch8.eth[3].bitrate,1500Mbps,,
General-0-20231204-10:01:37-5294,config,,,*.switch8.eth[4].bitrate,1800Mbps,,
General-0-20231204-10:01:37-5294,config,,,*.switch8.eth[5].bitrate,1300Mbps,,
General-0-20231204-10:01:37-5294,config,,,*.switch8.eth[6].bitrate,1300Mbps,,
General-0-20231204-10:01:37-5294,config,,,*.switch8.eth[7].bitrate,2300Mbps,,
General-0-20231204-10:01:37-5294,config,,,*.switch8.eth[8].bitrate,2300Mbps,,
General-0-20231204-10:01:37-5294,config,,,*.switch8.eth[9].bitrate,2000Mbps,,
General-0-20231204-10:01:37-5294,config,,,*.switch8.eth[10].bitrate,1300Mbps,,
General-0-20231204-10:01:37-5294,config,,,*.switch8.eth[11].bitrate,2400Mbps,,
General-0-20231204-10:01:37-5294,config,,,*.switch8.eth[12].bitrate,1600Mbps,,
General-0-20231204-10:01:37-5294,config,,,*.switch8.eth[13].bitrate,2200Mbps,,
General-0-20231204-10:01:37-5294,config,,,*.switch8.eth[14].bitrate,2100Mbps,,
General-0-20231204-10:01:37-5294,config,,,*.switch8.eth[15].bitrate,2100Mbps,,
General-0-20231204-10:01:37-5294,config,,,*.switch8.eth[16].bitrate,2300Mbps,,
General-0-20231204-10:01:37-5294,config,,,*.switch8.eth[17].bitrate,2200Mbps,,
General-0-20231204-10:01:37-5294,config,,,*.switch8.eth[18].bitrate,1400Mbps,,
General-0-20231204-10:01:37-5294,config,,,*.switch8.eth[19].bitrate,1400Mbps,,
General-0-20231204-10:01:37-5294,config,,,*.switch8.eth[20].bitrate,2300Mbps,,
General-0-20231204-10:01:37-5294,config,,,*.switch8.eth[21].bitrate,1900Mbps,,
General-0-20231204-10:01:37-5294,config,,,*.switch8.eth[22].bitrate,2100Mbps,,
General-0-20231204-10:01:37-5294,config,,,*.host9.eth[0].bitrate,1000Mbps,,
General-0-20231204-10:01:37-5294,config,,,*.switch9.eth[0].bitrate,1000Mbps,,
General-0-20231204-10:01:37-5294,config,,,*.switch9.eth[1].bitrate,1300Mbps,,
General-0-20231204-10:01:37-5294,config,,,*.switch9.eth[2].bitrate,1500Mbps,,
General-0-20231204-10:01:37-5294,config,,,*.switch9.eth[3].bitrate,2000Mbps,,
General-0-20231204-10:01:37-5294,config,,,*.switch9.eth[4].bitrate,1200Mbps,,
General-0-20231204-10:01:37-5294,config,,,*.switch9.eth[5].bitrate,2100Mbps,,
General-0-20231204-10:01:37-5294,config,,,*.switch9.eth[6].bitrate,2000Mbps,,
General-0-20231204-10:01:37-5294,config,,,*.switch9.eth[7].bitrate,1200Mbps,,
General-0-20231204-10:01:37-5294,config,,,*.switch9.eth[8].bitrate,2300Mbps,,
General-0-20231204-10:01:37-5294,config,,,*.switch9.eth[9].bitrate,1300Mbps,,
General-0-20231204-10:01:37-5294,config,,,*.switch9.eth[10].bitrate,2400Mbps,,
General-0-20231204-10:01:37-5294,config,,,*.switch9.eth[11].bitrate,2400Mbps,,
General-0-20231204-10:01:37-5294,config,,,*.switch9.eth[12].bitrate,1700Mbps,,
General-0-20231204-10:01:37-5294,config,,,*.switch9.eth[13].bitrate,2300Mbps,,
General-0-20231204-10:01:37-5294,config,,,*.switch9.eth[14].bitrate,1600Mbps,,
General-0-20231204-10:01:37-5294,config,,,*.switch9.eth[15].bitrate,1700Mbps,,
General-0-20231204-10:01:37-5294,config,,,*.switch9.eth[16].bitrate,2000Mbps,,
General-0-20231204-10:01:37-5294,config,,,*.switch9.eth[17].bitrate,1300Mbps,,
General-0-20231204-10:01:37-5294,config,,,*.switch9.eth[18].bitrate,2300Mbps,,
General-0-20231204-10:01:37-5294,config,,,*.switch9.eth[19].bitrate,1200Mbps,,
General-0-20231204-10:01:37-5294,config,,,*.switch9.eth[20].bitrate,1800Mbps,,
General-0-20231204-10:01:37-5294,config,,,*.switch9.eth[21].bitrate,1500Mbps,,
General-0-20231204-10:01:37-5294,config,,,*.switch9.eth[22].bitrate,1500Mbps,,
General-0-20231204-10:01:37-5294,config,,,*.switch9.eth[23].bitrate,1300Mbps,,
General-0-20231204-10:01:37-5294,config,,,*.switch9.eth[24].bitrate,1900Mbps,,
General-0-20231204-10:01:37-5294,config,,,*.switch9.eth[25].bitrate,1500Mbps,,
General-0-20231204-10:01:37-5294,config,,,*.switch9.eth[26].bitrate,1200Mbps,,
General-0-20231204-10:01:37-5294,config,,,*.switch9.eth[27].bitrate,1800Mbps,,
General-0-20231204-10:01:37-5294,config,,,*.switch9.eth[28].bitrate,2400Mbps,,
General-0-20231204-10:01:37-5294,config,,,*.host10.eth[0].bitrate,1000Mbps,,
General-0-20231204-10:01:37-5294,config,,,*.switch10.eth[0].bitrate,1000Mbps,,
General-0-20231204-10:01:37-5294,config,,,*.switch10.eth[1].bitrate,1200Mbps,,
General-0-20231204-10:01:37-5294,config,,,*.switch10.eth[2].bitrate,1500Mbps,,
General-0-20231204-10:01:37-5294,config,,,*.switch10.eth[3].bitrate,2000Mbps,,
General-0-20231204-10:01:37-5294,config,,,*.switch10.eth[4].bitrate,1300Mbps,,
General-0-20231204-10:01:37-5294,config,,,*.switch10.eth[5].bitrate,1600Mbps,,
General-0-20231204-10:01:37-5294,config,,,*.switch10.eth[6].bitrate,1200Mbps,,
General-0-20231204-10:01:37-5294,config,,,*.switch10.eth[7].bitrate,2300Mbps,,
General-0-20231204-10:01:37-5294,config,,,*.switch10.eth[8].bitrate,1300Mbps,,
General-0-20231204-10:01:37-5294,config,,,*.switch10.eth[9].bitrate,1800Mbps,,
General-0-20231204-10:01:37-5294,config,,,*.switch10.eth[10].bitrate,1900Mbps,,
General-0-20231204-10:01:37-5294,config,,,*.switch10.eth[11].bitrate,2300Mbps,,
General-0-20231204-10:01:37-5294,config,,,*.switch10.eth[12].bitrate,1300Mbps,,
General-0-20231204-10:01:37-5294,config,,,*.switch10.eth[13].bitrate,2100Mbps,,
General-0-20231204-10:01:37-5294,config,,,*.switch10.eth[14].bitrate,2100Mbps,,
General-0-20231204-10:01:37-5294,config,,,*.switch10.eth[15].bitrate,1900Mbps,,
General-0-20231204-10:01:37-5294,config,,,*.switch10.eth[16].bitrate,1500Mbps,,
General-0-20231204-10:01:37-5294,config,,,*.switch10.eth[17].bitrate,1500Mbps,,
General-0-20231204-10:01:37-5294,config,,,*.switch10.eth[18].bitrate,1800Mbps,,
General-0-20231204-10:01:37-5294,config,,,*.switch10.eth[19].bitrate,1900Mbps,,
General-0-20231204-10:01:37-5294,config,,,*.switch10.eth[20].bitrate,1400Mbps,,
General-0-20231204-10:01:37-5294,config,,,*.switch10.eth[21].bitrate,2300Mbps,,
General-0-20231204-10:01:37-5294,config,,,*.switch10.eth[22].bitrate,2300Mbps,,
General-0-20231204-10:01:37-5294,config,,,*.switch10.eth[23].bitrate,2200Mbps,,
General-0-20231204-10:01:37-5294,config,,,*.switch10.eth[24].bitrate,2200Mbps,,
General-0-20231204-10:01:37-5294,config,,,*.host11.eth[0].bitrate,1000Mbps,,
General-0-20231204-10:01:37-5294,config,,,*.switch11.eth[0].bitrate,1000Mbps,,
General-0-20231204-10:01:37-5294,config,,,*.switch11.eth[1].bitrate,2100Mbps,,
General-0-20231204-10:01:37-5294,config,,,*.switch11.eth[2].bitrate,2000Mbps,,
General-0-20231204-10:01:37-5294,config,,,*.switch11.eth[3].bitrate,1300Mbps,,
General-0-20231204-10:01:37-5294,config,,,*.switch11.eth[4].bitrate,1300Mbps,,
General-0-20231204-10:01:37-5294,config,,,*.switch11.eth[5].bitrate,2400Mbps,,
General-0-20231204-10:01:37-5294,config,,,*.switch11.eth[6].bitrate,1700Mbps,,
General-0-20231204-10:01:37-5294,config,,,*.switch11.eth[7].bitrate,2200Mbps,,
General-0-20231204-10:01:37-5294,config,,,*.switch11.eth[8].bitrate,1900Mbps,,
General-0-20231204-10:01:37-5294,config,,,*.switch11.eth[9].bitrate,1800Mbps,,
General-0-20231204-10:01:37-5294,config,,,*.switch11.eth[10].bitrate,1900Mbps,,
General-0-20231204-10:01:37-5294,config,,,*.switch11.eth[11].bitrate,2400Mbps,,
General-0-20231204-10:01:37-5294,config,,,*.switch11.eth[12].bitrate,2300Mbps,,
General-0-20231204-10:01:37-5294,config,,,*.switch11.eth[13].bitrate,1300Mbps,,
General-0-20231204-10:01:37-5294,config,,,*.switch11.eth[14].bitrate,1300Mbps,,
General-0-20231204-10:01:37-5294,config,,,*.switch11.eth[15].bitrate,1600Mbps,,
General-0-20231204-10:01:37-5294,config,,,*.host12.eth[0].bitrate,1000Mbps,,
General-0-20231204-10:01:37-5294,config,,,*.switch12.eth[0].bitrate,1000Mbps,,
General-0-20231204-10:01:37-5294,config,,,*.switch12.eth[1].bitrate,2400Mbps,,
General-0-20231204-10:01:37-5294,config,,,*.switch12.eth[2].bitrate,1600Mbps,,
General-0-20231204-10:01:37-5294,config,,,*.switch12.eth[3].bitrate,1800Mbps,,
General-0-20231204-10:01:37-5294,config,,,*.switch12.eth[4].bitrate,2000Mbps,,
General-0-20231204-10:01:37-5294,config,,,*.switch12.eth[5].bitrate,2400Mbps,,
General-0-20231204-10:01:37-5294,config,,,*.switch12.eth[6].bitrate,1700Mbps,,
General-0-20231204-10:01:37-5294,config,,,*.switch12.eth[7].bitrate,1600Mbps,,
General-0-20231204-10:01:37-5294,config,,,*.switch12.eth[8].bitrate,2100Mbps,,
General-0-20231204-10:01:37-5294,config,,,*.switch12.eth[9].bitrate,1900Mbps,,
General-0-20231204-10:01:37-5294,config,,,*.switch12.eth[10].bitrate,1200Mbps,,
General-0-20231204-10:01:37-5294,config,,,*.switch12.eth[11].bitrate,1900Mbps,,
General-0-20231204-10:01:37-5294,config,,,*.switch12.eth[12].bitrate,2300Mbps,,
General-0-20231204-10:01:37-5294,config,,,*.switch12.eth[13].bitrate,1900Mbps,,
General-0-20231204-10:01:37-5294,config,,,*.switch12.eth[14].bitrate,1600Mbps,,
General-0-20231204-10:01:37-5294,config,,,*.switch12.eth[15].bitrate,1700Mbps,,
General-0-20231204-10:01:37-5294,config,,,*.switch12.eth[16].bitrate,1900Mbps,,
General-0-20231204-10:01:37-5294,config,,,*.switch12.eth[17].bitrate,2100Mbps,,
General-0-20231204-10:01:37-5294,config,,,*.switch12.eth[18].bitrate,1800Mbps,,
General-0-20231204-10:01:37-5294,config,,,*.switch12.eth[19].bitrate,2100Mbps,,
General-0-20231204-10:01:37-5294,config,,,*.switch12.eth[20].bitrate,2300Mbps,,
General-0-20231204-10:01:37-5294,config,,,*.switch12.eth[21].bitrate,1500Mbps,,
General-0-20231204-10:01:37-5294,config,,,*.switch12.eth[22].bitrate,2300Mbps,,
General-0-20231204-10:01:37-5294,config,,,*.host13.eth[0].bitrate,1000Mbps,,
General-0-20231204-10:01:37-5294,config,,,*.switch13.eth[0].bitrate,1000Mbps,,
General-0-20231204-10:01:37-5294,config,,,*.switch13.eth[1].bitrate,1700Mbps,,
General-0-20231204-10:01:37-5294,config,,,*.switch13.eth[2].bitrate,1700Mbps,,
General-0-20231204-10:01:37-5294,config,,,*.switch13.eth[3].bitrate,1700Mbps,,
General-0-20231204-10:01:37-5294,config,,,*.switch13.eth[4].bitrate,2200Mbps,,
General-0-20231204-10:01:37-5294,config,,,*.switch13.eth[5].bitrate,2000Mbps,,
General-0-20231204-10:01:37-5294,config,,,*.switch13.eth[6].bitrate,2100Mbps,,
General-0-20231204-10:01:37-5294,config,,,*.switch13.eth[7].bitrate,1600Mbps,,
General-0-20231204-10:01:37-5294,config,,,*.switch13.eth[8].bitrate,1500Mbps,,
General-0-20231204-10:01:37-5294,config,,,*.switch13.eth[9].bitrate,2100Mbps,,
General-0-20231204-10:01:37-5294,config,,,*.switch13.eth[10].bitrate,1300Mbps,,
General-0-20231204-10:01:37-5294,config,,,*.switch13.eth[11].bitrate,1300Mbps,,
General-0-20231204-10:01:37-5294,config,,,*.switch13.eth[12].bitrate,2000Mbps,,
General-0-20231204-10:01:37-5294,config,,,*.switch13.eth[13].bitrate,1200Mbps,,
General-0-20231204-10:01:37-5294,config,,,*.switch13.eth[14].bitrate,2400Mbps,,
General-0-20231204-10:01:37-5294,config,,,*.switch13.eth[15].bitrate,1800Mbps,,
General-0-20231204-10:01:37-5294,config,,,*.switch13.eth[16].bitrate,2300Mbps,,
General-0-20231204-10:01:37-5294,config,,,*.switch13.eth[17].bitrate,1400Mbps,,
General-0-20231204-10:01:37-5294,config,,,*.switch13.eth[18].bitrate,2400Mbps,,
General-0-20231204-10:01:37-5294,config,,,*.switch13.eth[19].bitrate,1400Mbps,,
General-0-20231204-10:01:37-5294,config,,,*.switch13.eth[20].bitrate,2200Mbps,,
General-0-20231204-10:01:37-5294,config,,,*.switch13.eth[21].bitrate,1700Mbps,,
General-0-20231204-10:01:37-5294,config,,,*.switch13.eth[22].bitrate,2100Mbps,,
General-0-20231204-10:01:37-5294,config,,,*.switch13.eth[23].bitrate,2000Mbps,,
General-0-20231204-10:01:37-5294,config,,,*.switch13.eth[24].bitrate,1300Mbps,,
General-0-20231204-10:01:37-5294,config,,,*.switch13.eth[25].bitrate,1600Mbps,,
General-0-20231204-10:01:37-5294,config,,,*.host14.eth[0].bitrate,1000Mbps,,
General-0-20231204-10:01:37-5294,config,,,*.switch14.eth[0].bitrate,1000Mbps,,
General-0-20231204-10:01:37-5294,config,,,*.switch14.eth[1].bitrate,1200Mbps,,
General-0-20231204-10:01:37-5294,config,,,*.switch14.eth[2].bitrate,2400Mbps,,
General-0-20231204-10:01:37-5294,config,,,*.switch14.eth[3].bitrate,1200Mbps,,
General-0-20231204-10:01:37-5294,config,,,*.switch14.eth[4].bitrate,2100Mbps,,
General-0-20231204-10:01:37-5294,config,,,*.switch14.eth[5].bitrate,2100Mbps,,
General-0-20231204-10:01:37-5294,config,,,*.switch14.eth[6].bitrate,1300Mbps,,
General-0-20231204-10:01:37-5294,config,,,*.switch14.eth[7].bitrate,1900Mbps,,
General-0-20231204-10:01:37-5294,config,,,*.switch14.eth[8].bitrate,1700Mbps,,
General-0-20231204-10:01:37-5294,config,,,*.switch14.eth[9].bitrate,2300Mbps,,
General-0-20231204-10:01:37-5294,config,,,*.switch14.eth[10].bitrate,1400Mbps,,
General-0-20231204-10:01:37-5294,config,,,*.switch14.eth[11].bitrate,1300Mbps,,
General-0-20231204-10:01:37-5294,config,,,*.switch14.eth[12].bitrate,1900Mbps,,
General-0-20231204-10:01:37-5294,config,,,*.switch14.eth[13].bitrate,2100Mbps,,
General-0-20231204-10:01:37-5294,config,,,*.switch14.eth[14].bitrate,1900Mbps,,
General-0-20231204-10:01:37-5294,config,,,*.switch14.eth[15].bitrate,2300Mbps,,
General-0-20231204-10:01:37-5294,config,,,*.switch14.eth[16].bitrate,1800Mbps,,
General-0-20231204-10:01:37-5294,config,,,*.switch14.eth[17].bitrate,1800Mbps,,
General-0-20231204-10:01:37-5294,config,,,*.switch14.eth[18].bitrate,1200Mbps,,
General-0-20231204-10:01:37-5294,config,,,*.switch14.eth[19].bitrate,1800Mbps,,
General-0-20231204-10:01:37-5294,config,,,*.switch14.eth[20].bitrate,1500Mbps,,
General-0-20231204-10:01:37-5294,config,,,*.host15.eth[0].bitrate,1000Mbps,,
General-0-20231204-10:01:37-5294,config,,,*.switch15.eth[0].bitrate,1000Mbps,,
General-0-20231204-10:01:37-5294,config,,,*.switch15.eth[1].bitrate,1600Mbps,,
General-0-20231204-10:01:37-5294,config,,,*.switch15.eth[2].bitrate,1300Mbps,,
General-0-20231204-10:01:37-5294,config,,,*.switch15.eth[3].bitrate,2000Mbps,,
General-0-20231204-10:01:37-5294,config,,,*.switch15.eth[4].bitrate,1700Mbps,,
General-0-20231204-10:01:37-5294,config,,,*.switch15.eth[5].bitrate,2100Mbps,,
General-0-20231204-10:01:37-5294,config,,,*.switch15.eth[6].bitrate,2300Mbps,,
General-0-20231204-10:01:37-5294,config,,,*.switch15.eth[7].bitrate,1500Mbps,,
General-0-20231204-10:01:37-5294,config,,,*.switch15.eth[8].bitrate,1400Mbps,,
General-0-20231204-10:01:37-5294,config,,,*.switch15.eth[9].bitrate,1500Mbps,,
General-0-20231204-10:01:37-5294,config,,,*.switch15.eth[10].bitrate,2000Mbps,,
General-0-20231204-10:01:37-5294,config,,,*.switch15.eth[11].bitrate,1500Mbps,,
General-0-20231204-10:01:37-5294,config,,,*.switch15.eth[12].bitrate,1900Mbps,,
General-0-20231204-10:01:37-5294,config,,,*.switch15.eth[13].bitrate,2100Mbps,,
General-0-20231204-10:01:37-5294,config,,,*.switch15.eth[14].bitrate,2300Mbps,,
General-0-20231204-10:01:37-5294,config,,,*.switch15.eth[15].bitrate,1300Mbps,,
General-0-20231204-10:01:37-5294,config,,,*.switch15.eth[16].bitrate,2100Mbps,,
General-0-20231204-10:01:37-5294,config,,,*.switch15.eth[17].bitrate,2100Mbps,,
General-0-20231204-10:01:37-5294,config,,,*.switch15.eth[18].bitrate,2300Mbps,,
General-0-20231204-10:01:37-5294,config,,,*.switch15.eth[19].bitrate,1400Mbps,,
General-0-20231204-10:01:37-5294,config,,,*.switch15.eth[20].bitrate,1800Mbps,,
General-0-20231204-10:01:37-5294,config,,,*.switch15.eth[21].bitrate,1700Mbps,,
General-0-20231204-10:01:37-5294,config,,,*.switch15.eth[22].bitrate,1300Mbps,,
General-0-20231204-10:01:37-5294,config,,,*.switch15.eth[23].bitrate,1700Mbps,,
General-0-20231204-10:01:37-5294,config,,,*.switch15.eth[24].bitrate,2100Mbps,,
General-0-20231204-10:01:37-5294,config,,,*.host16.eth[0].bitrate,1000Mbps,,
General-0-20231204-10:01:37-5294,config,,,*.switch16.eth[0].bitrate,1000Mbps,,
General-0-20231204-10:01:37-5294,config,,,*.switch16.eth[1].bitrate,2000Mbps,,
General-0-20231204-10:01:37-5294,config,,,*.switch16.eth[2].bitrate,2000Mbps,,
General-0-20231204-10:01:37-5294,config,,,*.switch16.eth[3].bitrate,2300Mbps,,
General-0-20231204-10:01:37-5294,config,,,*.switch16.eth[4].bitrate,1200Mbps,,
General-0-20231204-10:01:37-5294,config,,,*.switch16.eth[5].bitrate,1500Mbps,,
General-0-20231204-10:01:37-5294,config,,,*.switch16.eth[6].bitrate,2400Mbps,,
General-0-20231204-10:01:37-5294,config,,,*.switch16.eth[7].bitrate,1800Mbps,,
General-0-20231204-10:01:37-5294,config,,,*.switch16.eth[8].bitrate,2300Mbps,,
General-0-20231204-10:01:37-5294,config,,,*.switch16.eth[9].bitrate,1800Mbps,,
General-0-20231204-10:01:37-5294,config,,,*.switch16.eth[10].bitrate,1700Mbps,,
General-0-20231204-10:01:37-5294,config,,,*.switch16.eth[11].bitrate,2400Mbps,,
General-0-20231204-10:01:37-5294,config,,,*.switch16.eth[12].bitrate,1900Mbps,,
General-0-20231204-10:01:37-5294,config,,,*.switch16.eth[13].bitrate,1500Mbps,,
General-0-20231204-10:01:37-5294,config,,,*.switch16.eth[14].bitrate,2300Mbps,,
General-0-20231204-10:01:37-5294,config,,,*.switch16.eth[15].bitrate,2000Mbps,,
General-0-20231204-10:01:37-5294,config,,,*.switch16.eth[16].bitrate,1200Mbps,,
General-0-20231204-10:01:37-5294,config,,,*.switch16.eth[17].bitrate,1700Mbps,,
General-0-20231204-10:01:37-5294,config,,,*.switch16.eth[18].bitrate,1200Mbps,,
General-0-20231204-10:01:37-5294,config,,,*.host17.eth[0].bitrate,1000Mbps,,
General-0-20231204-10:01:37-5294,config,,,*.switch17.eth[0].bitrate,1000Mbps,,
General-0-20231204-10:01:37-5294,config,,,*.switch17.eth[1].bitrate,1500Mbps,,
General-0-20231204-10:01:37-5294,config,,,*.switch17.eth[2].bitrate,2300Mbps,,
General-0-20231204-10:01:37-5294,config,,,*.switch17.eth[3].bitrate,1200Mbps,,
General-0-20231204-10:01:37-5294,config,,,*.switch17.eth[4].bitrate,1700Mbps,,
General-0-20231204-10:01:37-5294,config,,,*.switch17.eth[5].bitrate,2200Mbps,,
General-0-20231204-10:01:37-5294,config,,,*.switch17.eth[6].bitrate,1800Mbps,,
General-0-20231204-10:01:37-5294,config,,,*.switch17.eth[7].bitrate,1800Mbps,,
General-0-20231204-10:01:37-5294,config,,,*.switch17.eth[8].bitrate,1900Mbps,,
General-0-20231204-10:01:37-5294,config,,,*.switch17.eth[9].bitrate,1400Mbps,,
General-0-20231204-10:01:37-5294,config,,,*.switch17.eth[10].bitrate,1800Mbps,,
General-0-20231204-10:01:37-5294,config,,,*.switch17.eth[11].bitrate,1400Mbps,,
General-0-20231204-10:01:37-5294,config,,,*.switch17.eth[12].bitrate,2400Mbps,,
General-0-20231204-10:01:37-5294,config,,,*.switch17.eth[13].bitrate,1500Mbps,,
General-0-20231204-10:01:37-5294,config,,,*.switch17.eth[14].bitrate,2200Mbps,,
General-0-20231204-10:01:37-5294,config,,,*.switch17.eth[15].bitrate,1200Mbps,,
General-0-20231204-10:01:37-5294,config,,,*.switch17.eth[16].bitrate,1300Mbps,,
General-0-20231204-10:01:37-5294,config,,,*.switch17.eth[17].bitrate,1500Mbps,,
General-0-20231204-10:01:37-5294,config,,,*.switch17.eth[18].bitrate,1300Mbps,,
General-0-20231204-10:01:37-5294,config,,,*.switch17.eth[19].bitrate,1800Mbps,,
General-0-20231204-10:01:37-5294,config,,,*.switch17.eth[20].bitrate,1300Mbps,,
General-0-20231204-10:01:37-5294,config,,,*.switch17.eth[21].bitrate,1900Mbps,,
General-0-20231204-10:01:37-5294,config,,,*.switch17.eth[22].bitrate,1500Mbps,,
General-0-20231204-10:01:37-5294,config,,,*.switch17.eth[23].bitrate,1600Mbps,,
General-0-20231204-10:01:37-5294,config,,,*.host18.eth[0].bitrate,1000Mbps,,
General-0-20231204-10:01:37-5294,config,,,*.switch18.eth[0].bitrate,1000Mbps,,
General-0-20231204-10:01:37-5294,config,,,*.switch18.eth[1].bitrate,2000Mbps,,
General-0-20231204-10:01:37-5294,config,,,*.switch18.eth[2].bitrate,2300Mbps,,
General-0-20231204-10:01:37-5294,config,,,*.switch18.eth[3].bitrate,2000Mbps,,
General-0-20231204-10:01:37-5294,config,,,*.switch18.eth[4].bitrate,2300Mbps,,
General-0-20231204-10:01:37-5294,config,,,*.switch18.eth[5].bitrate,1300Mbps,,
General-0-20231204-10:01:37-5294,config,,,*.switch18.eth[6].bitrate,1400Mbps,,
General-0-20231204-10:01:37-5294,config,,,*.switch18.eth[7].bitrate,1500Mbps,,
General-0-20231204-10:01:37-5294,config,,,*.switch18.eth[8].bitrate,1900Mbps,,
General-0-20231204-10:01:37-5294,config,,,*.switch18.eth[9].bitrate,1800Mbps,,
General-0-20231204-10:01:37-5294,config,,,*.switch18.eth[10].bitrate,2100Mbps,,
General-0-20231204-10:01:37-5294,config,,,*.switch18.eth[11].bitrate,2200Mbps,,
General-0-20231204-10:01:37-5294,config,,,*.switch18.eth[12].bitrate,1800Mbps,,
General-0-20231204-10:01:37-5294,config,,,*.switch18.eth[13].bitrate,1900Mbps,,
General-0-20231204-10:01:37-5294,config,,,*.switch18.eth[14].bitrate,1200Mbps,,
General-0-20231204-10:01:37-5294,config,,,*.switch18.eth[15].bitrate,1800Mbps,,
General-0-20231204-10:01:37-5294,config,,,*.switch18.eth[16].bitrate,2200Mbps,,
General-0-20231204-10:01:37-5294,config,,,*.switch18.eth[17].bitrate,1700Mbps,,
General-0-20231204-10:01:37-5294,config,,,*.switch18.eth[18].bitrate,1500Mbps,,
General-0-20231204-10:01:37-5294,config,,,*.switch18.eth[19].bitrate,2200Mbps,,
General-0-20231204-10:01:37-5294,config,,,*.host19.eth[0].bitrate,1000Mbps,,
General-0-20231204-10:01:37-5294,config,,,*.switch19.eth[0].bitrate,1000Mbps,,
General-0-20231204-10:01:37-5294,config,,,*.switch19.eth[1].bitrate,1600Mbps,,
General-0-20231204-10:01:37-5294,config,,,*.switch19.eth[2].bitrate,2100Mbps,,
General-0-20231204-10:01:37-5294,config,,,*.switch19.eth[3].bitrate,1700Mbps,,
General-0-20231204-10:01:37-5294,config,,,*.switch19.eth[4].bitrate,2000Mbps,,
General-0-20231204-10:01:37-5294,config,,,*.switch19.eth[5].bitrate,2400Mbps,,
General-0-20231204-10:01:37-5294,config,,,*.switch19.eth[6].bitrate,1400Mbps,,
General-0-20231204-10:01:37-5294,config,,,*.switch19.eth[7].bitrate,1500Mbps,,
General-0-20231204-10:01:37-5294,config,,,*.switch19.eth[8].bitrate,1400Mbps,,
General-0-20231204-10:01:37-5294,config,,,*.switch19.eth[9].bitrate,1700Mbps,,
General-0-20231204-10:01:37-5294,config,,,*.switch19.eth[10].bitrate,1700Mbps,,
General-0-20231204-10:01:37-5294,config,,,*.switch19.eth[11].bitrate,1700Mbps,,
General-0-20231204-10:01:37-5294,config,,,*.switch19.eth[12].bitrate,2000Mbps,,
General-0-20231204-10:01:37-5294,config,,,*.switch19.eth[13].bitrate,1900Mbps,,
General-0-20231204-10:01:37-5294,config,,,*.switch19.eth[14].bitrate,1700Mbps,,
General-0-20231204-10:01:37-5294,config,,,*.switch19.eth[15].bitrate,2000Mbps,,
General-0-20231204-10:01:37-5294,config,,,*.switch19.eth[16].bitrate,2400Mbps,,
General-0-20231204-10:01:37-5294,config,,,*.switch19.eth[17].bitrate,2400Mbps,,
General-0-20231204-10:01:37-5294,config,,,*.switch19.eth[18].bitrate,1200Mbps,,
General-0-20231204-10:01:37-5294,config,,,*.switch19.eth[19].bitrate,2100Mbps,,
General-0-20231204-10:01:37-5294,config,,,*.switch19.eth[20].bitrate,2400Mbps,,
General-0-20231204-10:01:37-5294,config,,,*.switch19.eth[21].bitrate,2200Mbps,,
General-0-20231204-10:01:37-5294,config,,,*.switch19.eth[22].bitrate,1600Mbps,,
General-0-20231204-10:01:37-5294,config,,,*.switch19.eth[23].bitrate,2300Mbps,,
General-0-20231204-10:01:37-5294,config,,,*.switch19.eth[24].bitrate,1600Mbps,,
General-0-20231204-10:01:37-5294,config,,,*.switch19.eth[25].bitrate,1500Mbps,,
General-0-20231204-10:01:37-5294,config,,,*.switch19.eth[26].bitrate,2100Mbps,,
General-0-20231204-10:01:37-5294,config,,,*.switch19.eth[27].bitrate,1200Mbps,,
General-0-20231204-10:01:37-5294,config,,,*.switch19.eth[28].bitrate,1600Mbps,,
General-0-20231204-10:01:37-5294,config,,,*.switch19.eth[29].bitrate,2200Mbps,,
General-0-20231204-10:01:37-5294,config,,,*.host0.numApps,1,,
General-0-20231204-10:01:37-5294,config,,,*.host0.app[0].typename,UdpSourceApp,,
General-0-20231204-10:01:37-5294,config,,,*.host0.app[0].io.destAddress,"""host3""",,
General-0-20231204-10:01:37-5294,config,,,*.host0.app[0].source.packetNameFormat,"""%M-%m-%c""",,
General-0-20231204-10:01:37-5294,config,,,*.host0.app[0].source.displayStringTextFormat,"""sent %p pk (%l)""",,
General-0-20231204-10:01:37-5294,config,,,*.host0.app[0].source.packetLength,12B,,
General-0-20231204-10:01:37-5294,config,,,*.host0.app[0].source.productionInterval,1ms,,
General-0-20231204-10:01:37-5294,config,,,*.host0.app[0].display-name,type1_3,,
General-0-20231204-10:01:37-5294,config,,,*.host0.app[0].io.destPort,1000,,
General-0-20231204-10:01:37-5294,config,,,*.host1.numApps,7,,
General-0-20231204-10:01:37-5294,config,,,*.host1.app[0].typename,UdpBasicApp,,
General-0-20231204-10:01:37-5294,config,,,*.host1.app[0].destAddresses,"""host15""",,
General-0-20231204-10:01:37-5294,config,,,*.host1.app[0].source.packetNameFormat,"""%M-%m-%c""",,
General-0-20231204-10:01:37-5294,config,,,*.host1.app[0].source.displayStringTextFormat,"""sent %p pk (%l)""",,
General-0-20231204-10:01:37-5294,config,,,*.host1.app[0].messageLength,22B,,
General-0-20231204-10:01:37-5294,config,,,*.host1.app[0].sendInterval,1ms,,
General-0-20231204-10:01:37-5294,config,,,*.host1.app[0].startTime,300us,,
General-0-20231204-10:01:37-5294,config,,,*.host1.app[0].stopTime,700us,,
General-0-20231204-10:01:37-5294,config,,,*.host1.app[0].display-name,type2_1,,
General-0-20231204-10:01:37-5294,config,,,*.host1.app[0].destPort,1000,,
General-0-20231204-10:01:37-5294,config,,,*.host1.app[1].typename,UdpBasicApp,,
General-0-20231204-10:01:37-5294,config,,,*.host1.app[1].destAddresses,"""host15""",,
General-0-20231204-10:01:37-5294,config,,,*.host1.app[1].source.packetNameFormat,"""%M-%m-%c""",,
General-0-20231204-10:01:37-5294,config,,,*.host1.app[1].source.displayStringTextFormat,"""sent %p pk (%l)""",,
General-0-20231204-10:01:37-5294,config,,,*.host1.app[1].messageLength,22B,,
General-0-20231204-10:01:37-5294,config,,,*.host1.app[1].sendInterval,1ms,,
General-0-20231204-10:01:37-5294,config,,,*.host1.app[1].startTime,1000us,,
General-0-20231204-10:01:37-5294,config,,,*.host1.app[1].stopTime,1900us,,
General-0-20231204-10:01:37-5294,config,,,*.host1.app[1].display-name,type2_1,,
General-0-20231204-10:01:37-5294,config,,,*.host1.app[1].destPort,1000,,
General-0-20231204-10:01:37-5294,config,,,*.host1.app[2].typename,UdpBasicApp,,
General-0-20231204-10:01:37-5294,config,,,*.host1.app[2].destAddresses,"""host15""",,
General-0-20231204-10:01:37-5294,config,,,*.host1.app[2].source.packetNameFormat,"""%M-%m-%c""",,
General-0-20231204-10:01:37-5294,config,,,*.host1.app[2].source.displayStringTextFormat,"""sent %p pk (%l)""",,
General-0-20231204-10:01:37-5294,config,,,*.host1.app[2].messageLength,22B,,
General-0-20231204-10:01:37-5294,config,,,*.host1.app[2].sendInterval,1ms,,
General-0-20231204-10:01:37-5294,config,,,*.host1.app[2].startTime,2300us,,
General-0-20231204-10:01:37-5294,config,,,*.host1.app[2].stopTime,4100us,,
General-0-20231204-10:01:37-5294,config,,,*.host1.app[2].display-name,type2_1,,
General-0-20231204-10:01:37-5294,config,,,*.host1.app[2].destPort,1000,,
General-0-20231204-10:01:37-5294,config,,,*.host1.app[3].typename,UdpBasicApp,,
General-0-20231204-10:01:37-5294,config,,,*.host1.app[3].destAddresses,"""host15""",,
General-0-20231204-10:01:37-5294,config,,,*.host1.app[3].source.packetNameFormat,"""%M-%m-%c""",,
General-0-20231204-10:01:37-5294,config,,,*.host1.app[3].source.displayStringTextFormat,"""sent %p pk (%l)""",,
General-0-20231204-10:01:37-5294,config,,,*.host1.app[3].messageLength,22B,,
General-0-20231204-10:01:37-5294,config,,,*.host1.app[3].sendInterval,1ms,,
General-0-20231204-10:01:37-5294,config,,,*.host1.app[3].startTime,6000us,,
General-0-20231204-10:01:37-5294,config,,,*.host1.app[3].stopTime,6300us,,
General-0-20231204-10:01:37-5294,config,,,*.host1.app[3].display-name,type2_1,,
General-0-20231204-10:01:37-5294,config,,,*.host1.app[3].destPort,1000,,
General-0-20231204-10:01:37-5294,config,,,*.host1.app[4].typename,UdpBasicApp,,
General-0-20231204-10:01:37-5294,config,,,*.host1.app[4].destAddresses,"""host15""",,
General-0-20231204-10:01:37-5294,config,,,*.host1.app[4].source.packetNameFormat,"""%M-%m-%c""",,
General-0-20231204-10:01:37-5294,config,,,*.host1.app[4].source.displayStringTextFormat,"""sent %p pk (%l)""",,
General-0-20231204-10:01:37-5294,config,,,*.host1.app[4].messageLength,22B,,
General-0-20231204-10:01:37-5294,config,,,*.host1.app[4].sendInterval,1ms,,
General-0-20231204-10:01:37-5294,config,,,*.host1.app[4].startTime,6800us,,
General-0-20231204-10:01:37-5294,config,,,*.host1.app[4].stopTime,8000us,,
General-0-20231204-10:01:37-5294,config,,,*.host1.app[4].display-name,type2_1,,
General-0-20231204-10:01:37-5294,config,,,*.host1.app[4].destPort,1000,,
General-0-20231204-10:01:37-5294,config,,,*.host1.app[5].typename,UdpBasicApp,,
General-0-20231204-10:01:37-5294,config,,,*.host1.app[5].destAddresses,"""host15""",,
General-0-20231204-10:01:37-5294,config,,,*.host1.app[5].source.packetNameFormat,"""%M-%m-%c""",,
General-0-20231204-10:01:37-5294,config,,,*.host1.app[5].source.displayStringTextFormat,"""sent %p pk (%l)""",,
General-0-20231204-10:01:37-5294,config,,,*.host1.app[5].messageLength,22B,,
General-0-20231204-10:01:37-5294,config,,,*.host1.app[5].sendInterval,1ms,,
General-0-20231204-10:01:37-5294,config,,,*.host1.app[5].startTime,9100us,,
General-0-20231204-10:01:37-5294,config,,,*.host1.app[5].stopTime,9500us,,
General-0-20231204-10:01:37-5294,config,,,*.host1.app[5].display-name,type2_1,,
General-0-20231204-10:01:37-5294,config,,,*.host1.app[5].destPort,1000,,
General-0-20231204-10:01:37-5294,config,,,*.host1.app[6].typename,UdpBasicApp,,
General-0-20231204-10:01:37-5294,config,,,*.host1.app[6].destAddresses,"""host15""",,
General-0-20231204-10:01:37-5294,config,,,*.host1.app[6].source.packetNameFormat,"""%M-%m-%c""",,
General-0-20231204-10:01:37-5294,config,,,*.host1.app[6].source.displayStringTextFormat,"""sent %p pk (%l)""",,
General-0-20231204-10:01:37-5294,config,,,*.host1.app[6].messageLength,22B,,
General-0-20231204-10:01:37-5294,config,,,*.host1.app[6].sendInterval,1ms,,
General-0-20231204-10:01:37-5294,config,,,*.host1.app[6].startTime,9900us,,
General-0-20231204-10:01:37-5294,config,,,*.host1.app[6].stopTime,10000us,,
General-0-20231204-10:01:37-5294,config,,,*.host1.app[6].display-name,type2_1,,
General-0-20231204-10:01:37-5294,config,,,*.host1.app[6].destPort,1000,,
General-0-20231204-10:01:37-5294,config,,,*.host2.numApps,9,,
General-0-20231204-10:01:37-5294,config,,,*.host2.app[0].typename,UdpSourceApp,,
General-0-20231204-10:01:37-5294,config,,,*.host2.app[0].io.destAddress,"""host5""",,
General-0-20231204-10:01:37-5294,config,,,*.host2.app[0].source.packetNameFormat,"""%M-%m-%c""",,
General-0-20231204-10:01:37-5294,config,,,*.host2.app[0].source.displayStringTextFormat,"""sent %p pk (%l)""",,
General-0-20231204-10:01:37-5294,config,,,*.host2.app[0].source.packetLength,15B,,
General-0-20231204-10:01:37-5294,config,,,*.host2.app[0].source.productionInterval,1ms,,
General-0-20231204-10:01:37-5294,config,,,*.host2.app[0].display-name,type1_0,,
General-0-20231204-10:01:37-5294,config,,,*.host2.app[0].io.destPort,1000,,
General-0-20231204-10:01:37-5294,config,,,*.host2.app[1].typename,UdpSourceApp,,
General-0-20231204-10:01:37-5294,config,,,*.host2.app[1].io.destAddress,"""host4""",,
General-0-20231204-10:01:37-5294,config,,,*.host2.app[1].source.packetNameFormat,"""%M-%m-%c""",,
General-0-20231204-10:01:37-5294,config,,,*.host2.app[1].source.displayStringTextFormat,"""sent %p pk (%l)""",,
General-0-20231204-10:01:37-5294,config,,,*.host2.app[1].source.packetLength,12B,,
General-0-20231204-10:01:37-5294,config,,,*.host2.app[1].source.productionInterval,1ms,,
General-0-20231204-10:01:37-5294,config,,,*.host2.app[1].display-name,type1_4,,
General-0-20231204-10:01:37-5294,config,,,*.host2.app[1].io.destPort,1000,,
General-0-20231204-10:01:37-5294,config,,,*.host2.app[2].typename,UdpBasicApp,,
General-0-20231204-10:01:37-5294,config,,,*.host2.app[2].destAddresses,"""host16""",,
General-0-20231204-10:01:37-5294,config,,,*.host2.app[2].source.packetNameFormat,"""%M-%m-%c""",,
General-0-20231204-10:01:37-5294,config,,,*.host2.app[2].source.displayStringTextFormat,"""sent %p pk (%l)""",,
General-0-20231204-10:01:37-5294,config,,,*.host2.app[2].messageLength,22B,,
General-0-20231204-10:01:37-5294,config,,,*.host2.app[2].sendInterval,1ms,,
General-0-20231204-10:01:37-5294,config,,,*.host2.app[2].startTime,0us,,
General-0-20231204-10:01:37-5294,config,,,*.host2.app[2].stopTime,400us,,
General-0-20231204-10:01:37-5294,config,,,*.host2.app[2].display-name,type2_5,,
General-0-20231204-10:01:37-5294,config,,,*.host2.app[2].destPort,1002,,
General-0-20231204-10:01:37-5294,config,,,*.host2.app[3].typename,UdpBasicApp,,
General-0-20231204-10:01:37-5294,config,,,*.host2.app[3].destAddresses,"""host16""",,
General-0-20231204-10:01:37-5294,config,,,*.host2.app[3].source.packetNameFormat,"""%M-%m-%c""",,
General-0-20231204-10:01:37-5294,config,,,*.host2.app[3].source.displayStringTextFormat,"""sent %p pk (%l)""",,
General-0-20231204-10:01:37-5294,config,,,*.host2.app[3].messageLength,22B,,
General-0-20231204-10:01:37-5294,config,,,*.host2.app[3].sendInterval,1ms,,
General-0-20231204-10:01:37-5294,config,,,*.host2.app[3].startTime,1200us,,
General-0-20231204-10:01:37-5294,config,,,*.host2.app[3].stopTime,2600us,,
General-0-20231204-10:01:37-5294,config,,,*.host2.app[3].display-name,type2_5,,
General-0-20231204-10:01:37-5294,config,,,*.host2.app[3].destPort,1002,,
General-0-20231204-10:01:37-5294,config,,,*.host2.app[4].typename,UdpBasicApp,,
General-0-20231204-10:01:37-5294,config,,,*.host2.app[4].destAddresses,"""host16""",,
General-0-20231204-10:01:37-5294,config,,,*.host2.app[4].source.packetNameFormat,"""%M-%m-%c""",,
General-0-20231204-10:01:37-5294,config,,,*.host2.app[4].source.displayStringTextFormat,"""sent %p pk (%l)""",,
General-0-20231204-10:01:37-5294,config,,,*.host2.app[4].messageLength,22B,,
General-0-20231204-10:01:37-5294,config,,,*.host2.app[4].sendInterval,1ms,,
General-0-20231204-10:01:37-5294,config,,,*.host2.app[4].startTime,2700us,,
General-0-20231204-10:01:37-5294,config,,,*.host2.app[4].stopTime,3100us,,
General-0-20231204-10:01:37-5294,config,,,*.host2.app[4].display-name,type2_5,,
General-0-20231204-10:01:37-5294,config,,,*.host2.app[4].destPort,1002,,
General-0-20231204-10:01:37-5294,config,,,*.host2.app[5].typename,UdpBasicApp,,
General-0-20231204-10:01:37-5294,config,,,*.host2.app[5].destAddresses,"""host16""",,
General-0-20231204-10:01:37-5294,config,,,*.host2.app[5].source.packetNameFormat,"""%M-%m-%c""",,
General-0-20231204-10:01:37-5294,config,,,*.host2.app[5].source.displayStringTextFormat,"""sent %p pk (%l)""",,
General-0-20231204-10:01:37-5294,config,,,*.host2.app[5].messageLength,22B,,
General-0-20231204-10:01:37-5294,config,,,*.host2.app[5].sendInterval,1ms,,
General-0-20231204-10:01:37-5294,config,,,*.host2.app[5].startTime,3500us,,
General-0-20231204-10:01:37-5294,config,,,*.host2.app[5].stopTime,5200us,,
General-0-20231204-10:01:37-5294,config,,,*.host2.app[5].display-name,type2_5,,
General-0-20231204-10:01:37-5294,config,,,*.host2.app[5].destPort,1002,,
General-0-20231204-10:01:37-5294,config,,,*.host2.app[6].typename,UdpBasicApp,,
General-0-20231204-10:01:37-5294,config,,,*.host2.app[6].destAddresses,"""host16""",,
General-0-20231204-10:01:37-5294,config,,,*.host2.app[6].source.packetNameFormat,"""%M-%m-%c""",,
General-0-20231204-10:01:37-5294,config,,,*.host2.app[6].source.displayStringTextFormat,"""sent %p pk (%l)""",,
General-0-20231204-10:01:37-5294,config,,,*.host2.app[6].messageLength,22B,,
General-0-20231204-10:01:37-5294,config,,,*.host2.app[6].sendInterval,1ms,,
General-0-20231204-10:01:37-5294,config,,,*.host2.app[6].startTime,6300us,,
General-0-20231204-10:01:37-5294,config,,,*.host2.app[6].stopTime,7800us,,
General-0-20231204-10:01:37-5294,config,,,*.host2.app[6].display-name,type2_5,,
General-0-20231204-10:01:37-5294,config,,,*.host2.app[6].destPort,1002,,
General-0-20231204-10:01:37-5294,config,,,*.host2.app[7].typename,UdpBasicApp,,
General-0-20231204-10:01:37-5294,config,,,*.host2.app[7].destAddresses,"""host16""",,
General-0-20231204-10:01:37-5294,config,,,*.host2.app[7].source.packetNameFormat,"""%M-%m-%c""",,
General-0-20231204-10:01:37-5294,config,,,*.host2.app[7].source.displayStringTextFormat,"""sent %p pk (%l)""",,
General-0-20231204-10:01:37-5294,config,,,*.host2.app[7].messageLength,22B,,
General-0-20231204-10:01:37-5294,config,,,*.host2.app[7].sendInterval,1ms,,
General-0-20231204-10:01:37-5294,config,,,*.host2.app[7].startTime,8400us,,
General-0-20231204-10:01:37-5294,config,,,*.host2.app[7].stopTime,8700us,,
General-0-20231204-10:01:37-5294,config,,,*.host2.app[7].display-name,type2_5,,
General-0-20231204-10:01:37-5294,config,,,*.host2.app[7].destPort,1002,,
General-0-20231204-10:01:37-5294,config,,,*.host2.app[8].typename,UdpBasicApp,,
General-0-20231204-10:01:37-5294,config,,,*.host2.app[8].destAddresses,"""host16""",,
General-0-20231204-10:01:37-5294,config,,,*.host2.app[8].source.packetNameFormat,"""%M-%m-%c""",,
General-0-20231204-10:01:37-5294,config,,,*.host2.app[8].source.displayStringTextFormat,"""sent %p pk (%l)""",,
General-0-20231204-10:01:37-5294,config,,,*.host2.app[8].messageLength,22B,,
General-0-20231204-10:01:37-5294,config,,,*.host2.app[8].sendInterval,1ms,,
General-0-20231204-10:01:37-5294,config,,,*.host2.app[8].startTime,9200us,,
General-0-20231204-10:01:37-5294,config,,,*.host2.app[8].stopTime,9300us,,
General-0-20231204-10:01:37-5294,config,,,*.host2.app[8].display-name,type2_5,,
General-0-20231204-10:01:37-5294,config,,,*.host2.app[8].destPort,1002,,
General-0-20231204-10:01:37-5294,config,,,*.host3.numApps,6,,
General-0-20231204-10:01:37-5294,config,,,*.host3.app[0].typename,UdpSinkApp,,
General-0-20231204-10:01:37-5294,config,,,*.host3.app[0].io.localPort,1000,,
General-0-20231204-10:01:37-5294,config,,,*.host3.app[1].typename,UdpBasicApp,,
General-0-20231204-10:01:37-5294,config,,,*.host3.app[1].destAddresses,"""host16""",,
General-0-20231204-10:01:37-5294,config,,,*.host3.app[1].source.packetNameFormat,"""%M-%m-%c""",,
General-0-20231204-10:01:37-5294,config,,,*.host3.app[1].source.displayStringTextFormat,"""sent %p pk (%l)""",,
General-0-20231204-10:01:37-5294,config,,,*.host3.app[1].messageLength,13B,,
General-0-20231204-10:01:37-5294,config,,,*.host3.app[1].sendInterval,1ms,,
General-0-20231204-10:01:37-5294,config,,,*.host3.app[1].startTime,100us,,
General-0-20231204-10:01:37-5294,config,,,*.host3.app[1].stopTime,1800us,,
General-0-20231204-10:01:37-5294,config,,,*.host3.app[1].display-name,type2_2,,
General-0-20231204-10:01:37-5294,config,,,*.host3.app[1].destPort,1000,,
General-0-20231204-10:01:37-5294,config,,,*.host3.app[2].typename,UdpBasicApp,,
General-0-20231204-10:01:37-5294,config,,,*.host3.app[2].destAddresses,"""host16""",,
General-0-20231204-10:01:37-5294,config,,,*.host3.app[2].source.packetNameFormat,"""%M-%m-%c""",,
General-0-20231204-10:01:37-5294,config,,,*.host3.app[2].source.displayStringTextFormat,"""sent %p pk (%l)""",,
General-0-20231204-10:01:37-5294,config,,,*.host3.app[2].messageLength,13B,,
General-0-20231204-10:01:37-5294,config,,,*.host3.app[2].sendInterval,1ms,,
General-0-20231204-10:01:37-5294,config,,,*.host3.app[2].startTime,2600us,,
General-0-20231204-10:01:37-5294,config,,,*.host3.app[2].stopTime,3600us,,
General-0-20231204-10:01:37-5294,config,,,*.host3.app[2].display-name,type2_2,,
General-0-20231204-10:01:37-5294,config,,,*.host3.app[2].destPort,1000,,
General-0-20231204-10:01:37-5294,config,,,*.host3.app[3].typename,UdpBasicApp,,
General-0-20231204-10:01:37-5294,config,,,*.host3.app[3].destAddresses,"""host16""",,
General-0-20231204-10:01:37-5294,config,,,*.host3.app[3].source.packetNameFormat,"""%M-%m-%c""",,
General-0-20231204-10:01:37-5294,config,,,*.host3.app[3].source.displayStringTextFormat,"""sent %p pk (%l)""",,
General-0-20231204-10:01:37-5294,config,,,*.host3.app[3].messageLength,13B,,
General-0-20231204-10:01:37-5294,config,,,*.host3.app[3].sendInterval,1ms,,
General-0-20231204-10:01:37-5294,config,,,*.host3.app[3].startTime,5400us,,
General-0-20231204-10:01:37-5294,config,,,*.host3.app[3].stopTime,6500us,,
General-0-20231204-10:01:37-5294,config,,,*.host3.app[3].display-name,type2_2,,
General-0-20231204-10:01:37-5294,config,,,*.host3.app[3].destPort,1000,,
General-0-20231204-10:01:37-5294,config,,,*.host3.app[4].typename,UdpBasicApp,,
General-0-20231204-10:01:37-5294,config,,,*.host3.app[4].destAddresses,"""host16""",,
General-0-20231204-10:01:37-5294,config,,,*.host3.app[4].source.packetNameFormat,"""%M-%m-%c""",,
General-0-20231204-10:01:37-5294,config,,,*.host3.app[4].source.displayStringTextFormat,"""sent %p pk (%l)""",,
General-0-20231204-10:01:37-5294,config,,,*.host3.app[4].messageLength,13B,,
General-0-20231204-10:01:37-5294,config,,,*.host3.app[4].sendInterval,1ms,,
General-0-20231204-10:01:37-5294,config,,,*.host3.app[4].startTime,7100us,,
General-0-20231204-10:01:37-5294,config,,,*.host3.app[4].stopTime,7400us,,
General-0-20231204-10:01:37-5294,config,,,*.host3.app[4].display-name,type2_2,,
General-0-20231204-10:01:37-5294,config,,,*.host3.app[4].destPort,1000,,
General-0-20231204-10:01:37-5294,config,,,*.host3.app[5].typename,UdpSinkApp,,
General-0-20231204-10:01:37-5294,config,,,*.host3.app[5].io.localPort,1001,,
General-0-20231204-10:01:37-5294,config,,,*.host4.numApps,1,,
General-0-20231204-10:01:37-5294,config,,,*.host4.app[0].typename,UdpSinkApp,,
General-0-20231204-10:01:37-5294,config,,,*.host4.app[0].io.localPort,1000,,
General-0-20231204-10:01:37-5294,config,,,*.host5.numApps,2,,
General-0-20231204-10:01:37-5294,config,,,*.host5.app[0].typename,UdpSinkApp,,
General-0-20231204-10:01:37-5294,config,,,*.host5.app[0].io.localPort,1000,,
General-0-20231204-10:01:37-5294,config,,,*.host5.app[1].typename,UdpSinkApp,,
General-0-20231204-10:01:37-5294,config,,,*.host5.app[1].io.localPort,1001,,
General-0-20231204-10:01:37-5294,config,,,*.host6.numApps,17,,
General-0-20231204-10:01:37-5294,config,,,*.host6.app[0].typename,UdpSinkApp,,
General-0-20231204-10:01:37-5294,config,,,*.host6.app[0].io.localPort,1000,,
General-0-20231204-10:01:37-5294,config,,,*.host6.app[1].typename,UdpBasicApp,,
General-0-20231204-10:01:37-5294,config,,,*.host6.app[1].destAddresses,"""host18""",,
General-0-20231204-10:01:37-5294,config,,,*.host6.app[1].source.packetNameFormat,"""%M-%m-%c""",,
General-0-20231204-10:01:37-5294,config,,,*.host6.app[1].source.displayStringTextFormat,"""sent %p pk (%l)""",,
General-0-20231204-10:01:37-5294,config,,,*.host6.app[1].messageLength,20B,,
General-0-20231204-10:01:37-5294,config,,,*.host6.app[1].sendInterval,1ms,,
General-0-20231204-10:01:37-5294,config,,,*.host6.app[1].startTime,2500us,,
General-0-20231204-10:01:37-5294,config,,,*.host6.app[1].stopTime,4000us,,
General-0-20231204-10:01:37-5294,config,,,*.host6.app[1].display-name,type2_3,,
General-0-20231204-10:01:37-5294,config,,,*.host6.app[1].destPort,1000,,
General-0-20231204-10:01:37-5294,config,,,*.host6.app[2].typename,UdpBasicApp,,
General-0-20231204-10:01:37-5294,config,,,*.host6.app[2].destAddresses,"""host18""",,
General-0-20231204-10:01:37-5294,config,,,*.host6.app[2].source.packetNameFormat,"""%M-%m-%c""",,
General-0-20231204-10:01:37-5294,config,,,*.host6.app[2].source.displayStringTextFormat,"""sent %p pk (%l)""",,
General-0-20231204-10:01:37-5294,config,,,*.host6.app[2].messageLength,20B,,
General-0-20231204-10:01:37-5294,config,,,*.host6.app[2].sendInterval,1ms,,
General-0-20231204-10:01:37-5294,config,,,*.host6.app[2].startTime,5200us,,
General-0-20231204-10:01:37-5294,config,,,*.host6.app[2].stopTime,7400us,,
General-0-20231204-10:01:37-5294,config,,,*.host6.app[2].display-name,type2_3,,
General-0-20231204-10:01:37-5294,config,,,*.host6.app[2].destPort,1000,,
General-0-20231204-10:01:37-5294,config,,,*.host6.app[3].typename,UdpSinkApp,,
General-0-20231204-10:01:37-5294,config,,,*.host6.app[3].io.localPort,1001,,
General-0-20231204-10:01:37-5294,config,,,*.host6.app[4].typename,UdpBasicApp,,
General-0-20231204-10:01:37-5294,config,,,*.host6.app[4].destAddresses,"""host15""",,
General-0-20231204-10:01:37-5294,config,,,*.host6.app[4].source.packetNameFormat,"""%M-%m-%c""",,
General-0-20231204-10:01:37-5294,config,,,*.host6.app[4].source.displayStringTextFormat,"""sent %p pk (%l)""",,
General-0-20231204-10:01:37-5294,config,,,*.host6.app[4].messageLength,21B,,
General-0-20231204-10:01:37-5294,config,,,*.host6.app[4].sendInterval,1ms,,
General-0-20231204-10:01:37-5294,config,,,*.host6.app[4].startTime,1200us,,
General-0-20231204-10:01:37-5294,config,,,*.host6.app[4].stopTime,1900us,,
General-0-20231204-10:01:37-5294,config,,,*.host6.app[4].display-name,type2_12,,
General-0-20231204-10:01:37-5294,config,,,*.host6.app[4].destPort,1001,,
General-0-20231204-10:01:37-5294,config,,,*.host6.app[5].typename,UdpBasicApp,,
General-0-20231204-10:01:37-5294,config,,,*.host6.app[5].destAddresses,"""host15""",,
General-0-20231204-10:01:37-5294,config,,,*.host6.app[5].source.packetNameFormat,"""%M-%m-%c""",,
General-0-20231204-10:01:37-5294,config,,,*.host6.app[5].source.displayStringTextFormat,"""sent %p pk (%l)""",,
General-0-20231204-10:01:37-5294,config,,,*.host6.app[5].messageLength,21B,,
General-0-20231204-10:01:37-5294,config,,,*.host6.app[5].sendInterval,1ms,,
General-0-20231204-10:01:37-5294,config,,,*.host6.app[5].startTime,2300us,,
General-0-20231204-10:01:37-5294,config,,,*.host6.app[5].stopTime,2600us,,
General-0-20231204-10:01:37-5294,config,,,*.host6.app[5].display-name,type2_12,,
General-0-20231204-10:01:37-5294,config,,,*.host6.app[5].destPort,1001,,
General-0-20231204-10:01:37-5294,config,,,*.host6.app[6].typename,UdpBasicApp,,
General-0-20231204-10:01:37-5294,config,,,*.host6.app[6].destAddresses,"""host15""",,
General-0-20231204-10:01:37-5294,config,,,*.host6.app[6].source.packetNameFormat,"""%M-%m-%c""",,
General-0-20231204-10:01:37-5294,config,,,*.host6.app[6].source.displayStringTextFormat,"""sent %p pk (%l)""",,
General-0-20231204-10:01:37-5294,config,,,*.host6.app[6].messageLength,21B,,
General-0-20231204-10:01:37-5294,config,,,*.host6.app[6].sendInterval,1ms,,
General-0-20231204-10:01:37-5294,config,,,*.host6.app[6].startTime,2900us,,
General-0-20231204-10:01:37-5294,config,,,*.host6.app[6].stopTime,3400us,,
General-0-20231204-10:01:37-5294,config,,,*.host6.app[6].display-name,type2_12,,
General-0-20231204-10:01:37-5294,config,,,*.host6.app[6].destPort,1001,,
General-0-20231204-10:01:37-5294,config,,,*.host6.app[7].typename,UdpBasicApp,,
General-0-20231204-10:01:37-5294,config,,,*.host6.app[7].destAddresses,"""host15""",,
General-0-20231204-10:01:37-5294,config,,,*.host6.app[7].source.packetNameFormat,"""%M-%m-%c""",,
General-0-20231204-10:01:37-5294,config,,,*.host6.app[7].source.displayStringTextFormat,"""sent %p pk (%l)""",,
General-0-20231204-10:01:37-5294,config,,,*.host6.app[7].messageLength,21B,,
General-0-20231204-10:01:37-5294,config,,,*.host6.app[7].sendInterval,1ms,,
General-0-20231204-10:01:37-5294,config,,,*.host6.app[7].startTime,5600us,,
General-0-20231204-10:01:37-5294,config,,,*.host6.app[7].stopTime,7900us,,
General-0-20231204-10:01:37-5294,config,,,*.host6.app[7].display-name,type2_12,,
General-0-20231204-10:01:37-5294,config,,,*.host6.app[7].destPort,1001,,
General-0-20231204-10:01:37-5294,config,,,*.host6.app[8].typename,UdpBasicApp,,
General-0-20231204-10:01:37-5294,config,,,*.host6.app[8].destAddresses,"""host15""",,
General-0-20231204-10:01:37-5294,config,,,*.host6.app[8].source.packetNameFormat,"""%M-%m-%c""",,
General-0-20231204-10:01:37-5294,config,,,*.host6.app[8].source.displayStringTextFormat,"""sent %p pk (%l)""",,
General-0-20231204-10:01:37-5294,config,,,*.host6.app[8].messageLength,21B,,
General-0-20231204-10:01:37-5294,config,,,*.host6.app[8].sendInterval,1ms,,
General-0-20231204-10:01:37-5294,config,,,*.host6.app[8].startTime,8200us,,
General-0-20231204-10:01:37-5294,config,,,*.host6.app[8].stopTime,8600us,,
General-0-20231204-10:01:37-5294,config,,,*.host6.app[8].display-name,type2_12,,
General-0-20231204-10:01:37-5294,config,,,*.host6.app[8].destPort,1001,,
General-0-20231204-10:01:37-5294,config,,,*.host6.app[9].typename,UdpBasicApp,,
General-0-20231204-10:01:37-5294,config,,,*.host6.app[9].destAddresses,"""host15""",,
General-0-20231204-10:01:37-5294,config,,,*.host6.app[9].source.packetNameFormat,"""%M-%m-%c""",,
General-0-20231204-10:01:37-5294,config,,,*.host6.app[9].source.displayStringTextFormat,"""sent %p pk (%l)""",,
General-0-20231204-10:01:37-5294,config,,,*.host6.app[9].messageLength,21B,,
General-0-20231204-10:01:37-5294,config,,,*.host6.app[9].sendInterval,1ms,,
General-0-20231204-10:01:37-5294,config,,,*.host6.app[9].startTime,9200us,,
General-0-20231204-10:01:37-5294,config,,,*.host6.app[9].stopTime,10000us,,
General-0-20231204-10:01:37-5294,config,,,*.host6.app[9].display-name,type2_12,,
General-0-20231204-10:01:37-5294,config,,,*.host6.app[9].destPort,1001,,
General-0-20231204-10:01:37-5294,config,,,*.host6.app[10].typename,UdpBasicApp,,
General-0-20231204-10:01:37-5294,config,,,*.host6.app[10].destAddresses,"""host13""",,
General-0-20231204-10:01:37-5294,config,,,*.host6.app[10].source.packetNameFormat,"""%M-%m-%c""",,
General-0-20231204-10:01:37-5294,config,,,*.host6.app[10].source.displayStringTextFormat,"""sent %p pk (%l)""",,
General-0-20231204-10:01:37-5294,config,,,*.host6.app[10].messageLength,16B,,
General-0-20231204-10:01:37-5294,config,,,*.host6.app[10].sendInterval,1ms,,
General-0-20231204-10:01:37-5294,config,,,*.host6.app[10].startTime,200us,,
General-0-20231204-10:01:37-5294,config,,,*.host6.app[10].stopTime,1400us,,
General-0-20231204-10:01:37-5294,config,,,*.host6.app[10].display-name,type2_13,,
General-0-20231204-10:01:37-5294,config,,,*.host6.app[10].destPort,1000,,
General-0-20231204-10:01:37-5294,config,,,*.host6.app[11].typename,UdpBasicApp,,
General-0-20231204-10:01:37-5294,config,,,*.host6.app[11].destAddresses,"""host13""",,
General-0-20231204-10:01:37-5294,config,,,*.host6.app[11].source.packetNameFormat,"""%M-%m-%c""",,
General-0-20231204-10:01:37-5294,config,,,*.host6.app[11].source.displayStringTextFormat,"""sent %p pk (%l)""",,
General-0-20231204-10:01:37-5294,config,,,*.host6.app[11].messageLength,16B,,
General-0-20231204-10:01:37-5294,config,,,*.host6.app[11].sendInterval,1ms,,
General-0-20231204-10:01:37-5294,config,,,*.host6.app[11].startTime,2900us,,
General-0-20231204-10:01:37-5294,config,,,*.host6.app[11].stopTime,3000us,,
General-0-20231204-10:01:37-5294,config,,,*.host6.app[11].display-name,type2_13,,
General-0-20231204-10:01:37-5294,config,,,*.host6.app[11].destPort,1000,,
General-0-20231204-10:01:37-5294,config,,,*.host6.app[12].typename,UdpBasicApp,,
General-0-20231204-10:01:37-5294,config,,,*.host6.app[12].destAddresses,"""host13""",,
General-0-20231204-10:01:37-5294,config,,,*.host6.app[12].source.packetNameFormat,"""%M-%m-%c""",,
General-0-20231204-10:01:37-5294,config,,,*.host6.app[12].source.displayStringTextFormat,"""sent %p pk (%l)""",,
General-0-20231204-10:01:37-5294,config,,,*.host6.app[12].messageLength,16B,,
General-0-20231204-10:01:37-5294,config,,,*.host6.app[12].sendInterval,1ms,,
General-0-20231204-10:01:37-5294,config,,,*.host6.app[12].startTime,4600us,,
General-0-20231204-10:01:37-5294,config,,,*.host6.app[12].stopTime,5300us,,
General-0-20231204-10:01:37-5294,config,,,*.host6.app[12].display-name,type2_13,,
General-0-20231204-10:01:37-5294,config,,,*.host6.app[12].destPort,1000,,
General-0-20231204-10:01:37-5294,config,,,*.host6.app[13].typename,UdpBasicApp,,
General-0-20231204-10:01:37-5294,config,,,*.host6.app[13].destAddresses,"""host13""",,
General-0-20231204-10:01:37-5294,config,,,*.host6.app[13].source.packetNameFormat,"""%M-%m-%c""",,
General-0-20231204-10:01:37-5294,config,,,*.host6.app[13].source.displayStringTextFormat,"""sent %p pk (%l)""",,
General-0-20231204-10:01:37-5294,config,,,*.host6.app[13].messageLength,16B,,
General-0-20231204-10:01:37-5294,config,,,*.host6.app[13].sendInterval,1ms,,
General-0-20231204-10:01:37-5294,config,,,*.host6.app[13].startTime,6200us,,
General-0-20231204-10:01:37-5294,config,,,*.host6.app[13].stopTime,6700us,,
General-0-20231204-10:01:37-5294,config,,,*.host6.app[13].display-name,type2_13,,
General-0-20231204-10:01:37-5294,config,,,*.host6.app[13].destPort,1000,,
General-0-20231204-10:01:37-5294,config,,,*.host6.app[14].typename,UdpBasicApp,,
General-0-20231204-10:01:37-5294,config,,,*.host6.app[14].destAddresses,"""host13""",,
General-0-20231204-10:01:37-5294,config,,,*.host6.app[14].source.packetNameFormat,"""%M-%m-%c""",,
General-0-20231204-10:01:37-5294,config,,,*.host6.app[14].source.displayStringTextFormat,"""sent %p pk (%l)""",,
General-0-20231204-10:01:37-5294,config,,,*.host6.app[14].messageLength,16B,,
General-0-20231204-10:01:37-5294,config,,,*.host6.app[14].sendInterval,1ms,,
General-0-20231204-10:01:37-5294,config,,,*.host6.app[14].startTime,6800us,,
General-0-20231204-10:01:37-5294,config,,,*.host6.app[14].stopTime,7100us,,
General-0-20231204-10:01:37-5294,config,,,*.host6.app[14].display-name,type2_13,,
General-0-20231204-10:01:37-5294,config,,,*.host6.app[14].destPort,1000,,
General-0-20231204-10:01:37-5294,config,,,*.host6.app[15].typename,UdpBasicApp,,
General-0-20231204-10:01:37-5294,config,,,*.host6.app[15].destAddresses,"""host13""",,
General-0-20231204-10:01:37-5294,config,,,*.host6.app[15].source.packetNameFormat,"""%M-%m-%c""",,
General-0-20231204-10:01:37-5294,config,,,*.host6.app[15].source.displayStringTextFormat,"""sent %p pk (%l)""",,
General-0-20231204-10:01:37-5294,config,,,*.host6.app[15].messageLength,16B,,
General-0-20231204-10:01:37-5294,config,,,*.host6.app[15].sendInterval,1ms,,
General-0-20231204-10:01:37-5294,config,,,*.host6.app[15].startTime,8100us,,
General-0-20231204-10:01:37-5294,config,,,*.host6.app[15].stopTime,9200us,,
General-0-20231204-10:01:37-5294,config,,,*.host6.app[15].display-name,type2_13,,
General-0-20231204-10:01:37-5294,config,,,*.host6.app[15].destPort,1000,,
General-0-20231204-10:01:37-5294,config,,,*.host6.app[16].typename,UdpBasicApp,,
General-0-20231204-10:01:37-5294,config,,,*.host6.app[16].destAddresses,"""host13""",,
General-0-20231204-10:01:37-5294,config,,,*.host6.app[16].source.packetNameFormat,"""%M-%m-%c""",,
General-0-20231204-10:01:37-5294,config,,,*.host6.app[16].source.displayStringTextFormat,"""sent %p pk (%l)""",,
General-0-20231204-10:01:37-5294,config,,,*.host6.app[16].messageLength,16B,,
General-0-20231204-10:01:37-5294,config,,,*.host6.app[16].sendInterval,1ms,,
General-0-20231204-10:01:37-5294,config,,,*.host6.app[16].startTime,9400us,,
General-0-20231204-10:01:37-5294,config,,,*.host6.app[16].stopTime,10000us,,
General-0-20231204-10:01:37-5294,config,,,*.host6.app[16].display-name,type2_13,,
General-0-20231204-10:01:37-5294,config,,,*.host6.app[16].destPort,1000,,
General-0-20231204-10:01:37-5294,config,,,*.host7.numApps,10,,
General-0-20231204-10:01:37-5294,config,,,*.host7.app[0].typename,UdpBasicApp,,
General-0-20231204-10:01:37-5294,config,,,*.host7.app[0].destAddresses,"""host14""",,
General-0-20231204-10:01:37-5294,config,,,*.host7.app[0].source.packetNameFormat,"""%M-%m-%c""",,
General-0-20231204-10:01:37-5294,config,,,*.host7.app[0].source.displayStringTextFormat,"""sent %p pk (%l)""",,
General-0-20231204-10:01:37-5294,config,,,*.host7.app[0].messageLength,12B,,
General-0-20231204-10:01:37-5294,config,,,*.host7.app[0].sendInterval,1ms,,
General-0-20231204-10:01:37-5294,config,,,*.host7.app[0].startTime,400us,,
General-0-20231204-10:01:37-5294,config,,,*.host7.app[0].stopTime,1000us,,
General-0-20231204-10:01:37-5294,config,,,*.host7.app[0].display-name,type2_6,,
General-0-20231204-10:01:37-5294,config,,,*.host7.app[0].destPort,1000,,
General-0-20231204-10:01:37-5294,config,,,*.host7.app[1].typename,UdpBasicApp,,
General-0-20231204-10:01:37-5294,config,,,*.host7.app[1].destAddresses,"""host14""",,
General-0-20231204-10:01:37-5294,config,,,*.host7.app[1].source.packetNameFormat,"""%M-%m-%c""",,
General-0-20231204-10:01:37-5294,config,,,*.host7.app[1].source.displayStringTextFormat,"""sent %p pk (%l)""",,
General-0-20231204-10:01:37-5294,config,,,*.host7.app[1].messageLength,12B,,
General-0-20231204-10:01:37-5294,config,,,*.host7.app[1].sendInterval,1ms,,
General-0-20231204-10:01:37-5294,config,,,*.host7.app[1].startTime,1300us,,
General-0-20231204-10:01:37-5294,config,,,*.host7.app[1].stopTime,3500us,,
General-0-20231204-10:01:37-5294,config,,,*.host7.app[1].display-name,type2_6,,
General-0-20231204-10:01:37-5294,config,,,*.host7.app[1].destPort,1000,,
General-0-20231204-10:01:37-5294,config,,,*.host7.app[2].typename,UdpBasicApp,,
General-0-20231204-10:01:37-5294,config,,,*.host7.app[2].destAddresses,"""host14""",,
General-0-20231204-10:01:37-5294,config,,,*.host7.app[2].source.packetNameFormat,"""%M-%m-%c""",,
General-0-20231204-10:01:37-5294,config,,,*.host7.app[2].source.displayStringTextFormat,"""sent %p pk (%l)""",,
General-0-20231204-10:01:37-5294,config,,,*.host7.app[2].messageLength,12B,,
General-0-20231204-10:01:37-5294,config,,,*.host7.app[2].sendInterval,1ms,,
General-0-20231204-10:01:37-5294,config,,,*.host7.app[2].startTime,3900us,,
General-0-20231204-10:01:37-5294,config,,,*.host7.app[2].stopTime,5000us,,
General-0-20231204-10:01:37-5294,config,,,*.host7.app[2].display-name,type2_6,,
General-0-20231204-10:01:37-5294,config,,,*.host7.app[2].destPort,1000,,
General-0-20231204-10:01:37-5294,config,,,*.host7.app[3].typename,UdpBasicApp,,
General-0-20231204-10:01:37-5294,config,,,*.host7.app[3].destAddresses,"""host14""",,
General-0-20231204-10:01:37-5294,config,,,*.host7.app[3].source.packetNameFormat,"""%M-%m-%c""",,
General-0-20231204-10:01:37-5294,config,,,*.host7.app[3].source.displayStringTextFormat,"""sent %p pk (%l)""",,
General-0-20231204-10:01:37-5294,config,,,*.host7.app[3].messageLength,12B,,
General-0-20231204-10:01:37-5294,config,,,*.host7.app[3].sendInterval,1ms,,
General-0-20231204-10:01:37-5294,config,,,*.host7.app[3].startTime,5500us,,
General-0-20231204-10:01:37-5294,config,,,*.host7.app[3].stopTime,7200us,,
General-0-20231204-10:01:37-5294,config,,,*.host7.app[3].display-name,type2_6,,
General-0-20231204-10:01:37-5294,config,,,*.host7.app[3].destPort,1000,,
General-0-20231204-10:01:37-5294,config,,,*.host7.app[4].typename,UdpBasicApp,,
General-0-20231204-10:01:37-5294,config,,,*.host7.app[4].destAddresses,"""host14""",,
General-0-20231204-10:01:37-5294,config,,,*.host7.app[4].source.packetNameFormat,"""%M-%m-%c""",,
General-0-20231204-10:01:37-5294,config,,,*.host7.app[4].source.displayStringTextFormat,"""sent %p pk (%l)""",,
General-0-20231204-10:01:37-5294,config,,,*.host7.app[4].messageLength,12B,,
General-0-20231204-10:01:37-5294,config,,,*.host7.app[4].sendInterval,1ms,,
General-0-20231204-10:01:37-5294,config,,,*.host7.app[4].startTime,7900us,,
General-0-20231204-10:01:37-5294,config,,,*.host7.app[4].stopTime,9400us,,
General-0-20231204-10:01:37-5294,config,,,*.host7.app[4].display-name,type2_6,,
General-0-20231204-10:01:37-5294,config,,,*.host7.app[4].destPort,1000,,
General-0-20231204-10:01:37-5294,config,,,*.host7.app[5].typename,UdpBasicApp,,
General-0-20231204-10:01:37-5294,config,,,*.host7.app[5].destAddresses,"""host3""",,
General-0-20231204-10:01:37-5294,config,,,*.host7.app[5].source.packetNameFormat,"""%M-%m-%c""",,
General-0-20231204-10:01:37-5294,config,,,*.host7.app[5].source.displayStringTextFormat,"""sent %p pk (%l)""",,
General-0-20231204-10:01:37-5294,config,,,*.host7.app[5].messageLength,21B,,
General-0-20231204-10:01:37-5294,config,,,*.host7.app[5].sendInterval,1ms,,
General-0-20231204-10:01:37-5294,config,,,*.host7.app[5].startTime,0us,,
General-0-20231204-10:01:37-5294,config,,,*.host7.app[5].stopTime,2300us,,
General-0-20231204-10:01:37-5294,config,,,*.host7.app[5].display-name,type2_10,,
General-0-20231204-10:01:37-5294,config,,,*.host7.app[5].destPort,1001,,
General-0-20231204-10:01:37-5294,config,,,*.host7.app[6].typename,UdpBasicApp,,
General-0-20231204-10:01:37-5294,config,,,*.host7.app[6].destAddresses,"""host3""",,
General-0-20231204-10:01:37-5294,config,,,*.host7.app[6].source.packetNameFormat,"""%M-%m-%c""",,
General-0-20231204-10:01:37-5294,config,,,*.host7.app[6].source.displayStringTextFormat,"""sent %p pk (%l)""",,
General-0-20231204-10:01:37-5294,config,,,*.host7.app[6].messageLength,21B,,
General-0-20231204-10:01:37-5294,config,,,*.host7.app[6].sendInterval,1ms,,
General-0-20231204-10:01:37-5294,config,,,*.host7.app[6].startTime,3600us,,
General-0-20231204-10:01:37-5294,config,,,*.host7.app[6].stopTime,3900us,,
General-0-20231204-10:01:37-5294,config,,,*.host7.app[6].display-name,type2_10,,
General-0-20231204-10:01:37-5294,config,,,*.host7.app[6].destPort,1001,,
General-0-20231204-10:01:37-5294,config,,,*.host7.app[7].typename,UdpBasicApp,,
General-0-20231204-10:01:37-5294,config,,,*.host7.app[7].destAddresses,"""host3""",,
General-0-20231204-10:01:37-5294,config,,,*.host7.app[7].source.packetNameFormat,"""%M-%m-%c""",,
General-0-20231204-10:01:37-5294,config,,,*.host7.app[7].source.displayStringTextFormat,"""sent %p pk (%l)""",,
General-0-20231204-10:01:37-5294,config,,,*.host7.app[7].messageLength,21B,,
General-0-20231204-10:01:37-5294,config,,,*.host7.app[7].sendInterval,1ms,,
General-0-20231204-10:01:37-5294,config,,,*.host7.app[7].startTime,4300us,,
General-0-20231204-10:01:37-5294,config,,,*.host7.app[7].stopTime,5200us,,
General-0-20231204-10:01:37-5294,config,,,*.host7.app[7].display-name,type2_10,,
General-0-20231204-10:01:37-5294,config,,,*.host7.app[7].destPort,1001,,
General-0-20231204-10:01:37-5294,config,,,*.host7.app[8].typename,UdpBasicApp,,
General-0-20231204-10:01:37-5294,config,,,*.host7.app[8].destAddresses,"""host3""",,
General-0-20231204-10:01:37-5294,config,,,*.host7.app[8].source.packetNameFormat,"""%M-%m-%c""",,
General-0-20231204-10:01:37-5294,config,,,*.host7.app[8].source.displayStringTextFormat,"""sent %p pk (%l)""",,
General-0-20231204-10:01:37-5294,config,,,*.host7.app[8].messageLength,21B,,
General-0-20231204-10:01:37-5294,config,,,*.host7.app[8].sendInterval,1ms,,
General-0-20231204-10:01:37-5294,config,,,*.host7.app[8].startTime,6200us,,
General-0-20231204-10:01:37-5294,config,,,*.host7.app[8].stopTime,6700us,,
General-0-20231204-10:01:37-5294,config,,,*.host7.app[8].display-name,type2_10,,
General-0-20231204-10:01:37-5294,config,,,*.host7.app[8].destPort,1001,,
General-0-20231204-10:01:37-5294,config,,,*.host7.app[9].typename,UdpBasicApp,,
General-0-20231204-10:01:37-5294,config,,,*.host7.app[9].destAddresses,"""host3""",,
General-0-20231204-10:01:37-5294,config,,,*.host7.app[9].source.packetNameFormat,"""%M-%m-%c""",,
General-0-20231204-10:01:37-5294,config,,,*.host7.app[9].source.displayStringTextFormat,"""sent %p pk (%l)""",,
General-0-20231204-10:01:37-5294,config,,,*.host7.app[9].messageLength,21B,,
General-0-20231204-10:01:37-5294,config,,,*.host7.app[9].sendInterval,1ms,,
General-0-20231204-10:01:37-5294,config,,,*.host7.app[9].startTime,8000us,,
General-0-20231204-10:01:37-5294,config,,,*.host7.app[9].stopTime,9500us,,
General-0-20231204-10:01:37-5294,config,,,*.host7.app[9].display-name,type2_10,,
General-0-20231204-10:01:37-5294,config,,,*.host7.app[9].destPort,1001,,
General-0-20231204-10:01:37-5294,config,,,*.host8.numApps,5,,
General-0-20231204-10:01:37-5294,config,,,*.host8.app[0].typename,UdpBasicApp,,
General-0-20231204-10:01:37-5294,config,,,*.host8.app[0].destAddresses,"""host16""",,
General-0-20231204-10:01:37-5294,config,,,*.host8.app[0].source.packetNameFormat,"""%M-%m-%c""",,
General-0-20231204-10:01:37-5294,config,,,*.host8.app[0].source.displayStringTextFormat,"""sent %p pk (%l)""",,
General-0-20231204-10:01:37-5294,config,,,*.host8.app[0].messageLength,24B,,
General-0-20231204-10:01:37-5294,config,,,*.host8.app[0].sendInterval,1ms,,
General-0-20231204-10:01:37-5294,config,,,*.host8.app[0].startTime,600us,,
General-0-20231204-10:01:37-5294,config,,,*.host8.app[0].stopTime,2700us,,
General-0-20231204-10:01:37-5294,config,,,*.host8.app[0].display-name,type2_4,,
General-0-20231204-10:01:37-5294,config,,,*.host8.app[0].destPort,1001,,
General-0-20231204-10:01:37-5294,config,,,*.host8.app[1].typename,UdpBasicApp,,
General-0-20231204-10:01:37-5294,config,,,*.host8.app[1].destAddresses,"""host16""",,
General-0-20231204-10:01:37-5294,config,,,*.host8.app[1].source.packetNameFormat,"""%M-%m-%c""",,
General-0-20231204-10:01:37-5294,config,,,*.host8.app[1].source.displayStringTextFormat,"""sent %p pk (%l)""",,
General-0-20231204-10:01:37-5294,config,,,*.host8.app[1].messageLength,24B,,
General-0-20231204-10:01:37-5294,config,,,*.host8.app[1].sendInterval,1ms,,
General-0-20231204-10:01:37-5294,config,,,*.host8.app[1].startTime,2900us,,
General-0-20231204-10:01:37-5294,config,,,*.host8.app[1].stopTime,6400us,,
General-0-20231204-10:01:37-5294,config,,,*.host8.app[1].display-name,type2_4,,
General-0-20231204-10:01:37-5294,config,,,*.host8.app[1].destPort,1001,,
General-0-20231204-10:01:37-5294,config,,,*.host8.app[2].typename,UdpBasicApp,,
General-0-20231204-10:01:37-5294,config,,,*.host8.app[2].destAddresses,"""host16""",,
General-0-20231204-10:01:37-5294,config,,,*.host8.app[2].source.packetNameFormat,"""%M-%m-%c""",,
General-0-20231204-10:01:37-5294,config,,,*.host8.app[2].source.displayStringTextFormat,"""sent %p pk (%l)""",,
General-0-20231204-10:01:37-5294,config,,,*.host8.app[2].messageLength,24B,,
General-0-20231204-10:01:37-5294,config,,,*.host8.app[2].sendInterval,1ms,,
General-0-20231204-10:01:37-5294,config,,,*.host8.app[2].startTime,6700us,,
General-0-20231204-10:01:37-5294,config,,,*.host8.app[2].stopTime,6900us,,
General-0-20231204-10:01:37-5294,config,,,*.host8.app[2].display-name,type2_4,,
General-0-20231204-10:01:37-5294,config,,,*.host8.app[2].destPort,1001,,
General-0-20231204-10:01:37-5294,config,,,*.host8.app[3].typename,UdpBasicApp,,
General-0-20231204-10:01:37-5294,config,,,*.host8.app[3].destAddresses,"""host16""",,
General-0-20231204-10:01:37-5294,config,,,*.host8.app[3].source.packetNameFormat,"""%M-%m-%c""",,
General-0-20231204-10:01:37-5294,config,,,*.host8.app[3].source.displayStringTextFormat,"""sent %p pk (%l)""",,
General-0-20231204-10:01:37-5294,config,,,*.host8.app[3].messageLength,24B,,
General-0-20231204-10:01:37-5294,config,,,*.host8.app[3].sendInterval,1ms,,
General-0-20231204-10:01:37-5294,config,,,*.host8.app[3].startTime,7500us,,
General-0-20231204-10:01:37-5294,config,,,*.host8.app[3].stopTime,7600us,,
General-0-20231204-10:01:37-5294,config,,,*.host8.app[3].display-name,type2_4,,
General-0-20231204-10:01:37-5294,config,,,*.host8.app[3].destPort,1001,,
General-0-20231204-10:01:37-5294,config,,,*.host8.app[4].typename,UdpBasicApp,,
General-0-20231204-10:01:37-5294,config,,,*.host8.app[4].destAddresses,"""host16""",,
General-0-20231204-10:01:37-5294,config,,,*.host8.app[4].source.packetNameFormat,"""%M-%m-%c""",,
General-0-20231204-10:01:37-5294,config,,,*.host8.app[4].source.displayStringTextFormat,"""sent %p pk (%l)""",,
General-0-20231204-10:01:37-5294,config,,,*.host8.app[4].messageLength,24B,,
General-0-20231204-10:01:37-5294,config,,,*.host8.app[4].sendInterval,1ms,,
General-0-20231204-10:01:37-5294,config,,,*.host8.app[4].startTime,7900us,,
General-0-20231204-10:01:37-5294,config,,,*.host8.app[4].stopTime,9100us,,
General-0-20231204-10:01:37-5294,config,,,*.host8.app[4].display-name,type2_4,,
General-0-20231204-10:01:37-5294,config,,,*.host8.app[4].destPort,1001,,
General-0-20231204-10:01:37-5294,config,,,*.host9.numApps,1,,
General-0-20231204-10:01:37-5294,config,,,*.host9.app[0].typename,UdpSinkApp,,
General-0-20231204-10:01:37-5294,config,,,*.host9.app[0].io.localPort,1000,,
General-0-20231204-10:01:37-5294,config,,,*.host10.numApps,0,,
General-0-20231204-10:01:37-5294,config,,,*.host11.numApps,6,,
General-0-20231204-10:01:37-5294,config,,,*.host11.app[0].typename,UdpBasicApp,,
General-0-20231204-10:01:37-5294,config,,,*.host11.app[0].destAddresses,"""host19""",,
General-0-20231204-10:01:37-5294,config,,,*.host11.app[0].source.packetNameFormat,"""%M-%m-%c""",,
General-0-20231204-10:01:37-5294,config,,,*.host11.app[0].source.displayStringTextFormat,"""sent %p pk (%l)""",,
General-0-20231204-10:01:37-5294,config,,,*.host11.app[0].messageLength,19B,,
General-0-20231204-10:01:37-5294,config,,,*.host11.app[0].sendInterval,1ms,,
General-0-20231204-10:01:37-5294,config,,,*.host11.app[0].startTime,900us,,
General-0-20231204-10:01:37-5294,config,,,*.host11.app[0].stopTime,1200us,,
General-0-20231204-10:01:37-5294,config,,,*.host11.app[0].display-name,type2_0,,
General-0-20231204-10:01:37-5294,config,,,*.host11.app[0].destPort,1000,,
General-0-20231204-10:01:37-5294,config,,,*.host11.app[1].typename,UdpBasicApp,,
General-0-20231204-10:01:37-5294,config,,,*.host11.app[1].destAddresses,"""host19""",,
General-0-20231204-10:01:37-5294,config,,,*.host11.app[1].source.packetNameFormat,"""%M-%m-%c""",,
General-0-20231204-10:01:37-5294,config,,,*.host11.app[1].source.displayStringTextFormat,"""sent %p pk (%l)""",,
General-0-20231204-10:01:37-5294,config,,,*.host11.app[1].messageLength,19B,,
General-0-20231204-10:01:37-5294,config,,,*.host11.app[1].sendInterval,1ms,,
General-0-20231204-10:01:37-5294,config,,,*.host11.app[1].startTime,3200us,,
General-0-20231204-10:01:37-5294,config,,,*.host11.app[1].stopTime,3800us,,
General-0-20231204-10:01:37-5294,config,,,*.host11.app[1].display-name,type2_0,,
General-0-20231204-10:01:37-5294,config,,,*.host11.app[1].destPort,1000,,
General-0-20231204-10:01:37-5294,config,,,*.host11.app[2].typename,UdpBasicApp,,
General-0-20231204-10:01:37-5294,config,,,*.host11.app[2].destAddresses,"""host19""",,
General-0-20231204-10:01:37-5294,config,,,*.host11.app[2].source.packetNameFormat,"""%M-%m-%c""",,
General-0-20231204-10:01:37-5294,config,,,*.host11.app[2].source.displayStringTextFormat,"""sent %p pk (%l)""",,
General-0-20231204-10:01:37-5294,config,,,*.host11.app[2].messageLength,19B,,
General-0-20231204-10:01:37-5294,config,,,*.host11.app[2].sendInterval,1ms,,
General-0-20231204-10:01:37-5294,config,,,*.host11.app[2].startTime,4200us,,
General-0-20231204-10:01:37-5294,config,,,*.host11.app[2].stopTime,5500us,,
General-0-20231204-10:01:37-5294,config,,,*.host11.app[2].display-name,type2_0,,
General-0-20231204-10:01:37-5294,config,,,*.host11.app[2].destPort,1000,,
General-0-20231204-10:01:37-5294,config,,,*.host11.app[3].typename,UdpBasicApp,,
General-0-20231204-10:01:37-5294,config,,,*.host11.app[3].destAddresses,"""host19""",,
General-0-20231204-10:01:37-5294,config,,,*.host11.app[3].source.packetNameFormat,"""%M-%m-%c""",,
General-0-20231204-10:01:37-5294,config,,,*.host11.app[3].source.displayStringTextFormat,"""sent %p pk (%l)""",,
General-0-20231204-10:01:37-5294,config,,,*.host11.app[3].messageLength,19B,,
General-0-20231204-10:01:37-5294,config,,,*.host11.app[3].sendInterval,1ms,,
General-0-20231204-10:01:37-5294,config,,,*.host11.app[3].startTime,9100us,,
General-0-20231204-10:01:37-5294,config,,,*.host11.app[3].stopTime,9200us,,
General-0-20231204-10:01:37-5294,config,,,*.host11.app[3].display-name,type2_0,,
General-0-20231204-10:01:37-5294,config,,,*.host11.app[3].destPort,1000,,
General-0-20231204-10:01:37-5294,config,,,*.host11.app[4].typename,UdpBasicApp,,
General-0-20231204-10:01:37-5294,config,,,*.host11.app[4].destAddresses,"""host19""",,
General-0-20231204-10:01:37-5294,config,,,*.host11.app[4].source.packetNameFormat,"""%M-%m-%c""",,
General-0-20231204-10:01:37-5294,config,,,*.host11.app[4].source.displayStringTextFormat,"""sent %p pk (%l)""",,
General-0-20231204-10:01:37-5294,config,,,*.host11.app[4].messageLength,19B,,
General-0-20231204-10:01:37-5294,config,,,*.host11.app[4].sendInterval,1ms,,
General-0-20231204-10:01:37-5294,config,,,*.host11.app[4].startTime,9300us,,
General-0-20231204-10:01:37-5294,config,,,*.host11.app[4].stopTime,10000us,,
General-0-20231204-10:01:37-5294,config,,,*.host11.app[4].display-name,type2_0,,
General-0-20231204-10:01:37-5294,config,,,*.host11.app[4].destPort,1000,,
General-0-20231204-10:01:37-5294,config,,,*.host11.app[5].typename,UdpSinkApp,,
General-0-20231204-10:01:37-5294,config,,,*.host11.app[5].io.localPort,1000,,
General-0-20231204-10:01:37-5294,config,,,*.host12.numApps,13,,
General-0-20231204-10:01:37-5294,config,,,*.host12.app[0].typename,UdpBasicApp,,
General-0-20231204-10:01:37-5294,config,,,*.host12.app[0].destAddresses,"""host19""",,
General-0-20231204-10:01:37-5294,config,,,*.host12.app[0].source.packetNameFormat,"""%M-%m-%c""",,
General-0-20231204-10:01:37-5294,config,,,*.host12.app[0].source.displayStringTextFormat,"""sent %p pk (%l)""",,
General-0-20231204-10:01:37-5294,config,,,*.host12.app[0].messageLength,20B,,
General-0-20231204-10:01:37-5294,config,,,*.host12.app[0].sendInterval,1ms,,
General-0-20231204-10:01:37-5294,config,,,*.host12.app[0].startTime,800us,,
General-0-20231204-10:01:37-5294,config,,,*.host12.app[0].stopTime,2200us,,
General-0-20231204-10:01:37-5294,config,,,*.host12.app[0].display-name,type2_7,,
General-0-20231204-10:01:37-5294,config,,,*.host12.app[0].destPort,1001,,
General-0-20231204-10:01:37-5294,config,,,*.host12.app[1].typename,UdpBasicApp,,
General-0-20231204-10:01:37-5294,config,,,*.host12.app[1].destAddresses,"""host19""",,
General-0-20231204-10:01:37-5294,config,,,*.host12.app[1].source.packetNameFormat,"""%M-%m-%c""",,
General-0-20231204-10:01:37-5294,config,,,*.host12.app[1].source.displayStringTextFormat,"""sent %p pk (%l)""",,
General-0-20231204-10:01:37-5294,config,,,*.host12.app[1].messageLength,20B,,
General-0-20231204-10:01:37-5294,config,,,*.host12.app[1].sendInterval,1ms,,
General-0-20231204-10:01:37-5294,config,,,*.host12.app[1].startTime,2800us,,
General-0-20231204-10:01:37-5294,config,,,*.host12.app[1].stopTime,3000us,,
General-0-20231204-10:01:37-5294,config,,,*.host12.app[1].display-name,type2_7,,
General-0-20231204-10:01:37-5294,config,,,*.host12.app[1].destPort,1001,,
General-0-20231204-10:01:37-5294,config,,,*.host12.app[2].typename,UdpBasicApp,,
General-0-20231204-10:01:37-5294,config,,,*.host12.app[2].destAddresses,"""host19""",,
General-0-20231204-10:01:37-5294,config,,,*.host12.app[2].source.packetNameFormat,"""%M-%m-%c""",,
General-0-20231204-10:01:37-5294,config,,,*.host12.app[2].source.displayStringTextFormat,"""sent %p pk (%l)""",,
General-0-20231204-10:01:37-5294,config,,,*.host12.app[2].messageLength,20B,,
General-0-20231204-10:01:37-5294,config,,,*.host12.app[2].sendInterval,1ms,,
General-0-20231204-10:01:37-5294,config,,,*.host12.app[2].startTime,3300us,,
General-0-20231204-10:01:37-5294,config,,,*.host12.app[2].stopTime,4400us,,
General-0-20231204-10:01:37-5294,config,,,*.host12.app[2].display-name,type2_7,,
General-0-20231204-10:01:37-5294,config,,,*.host12.app[2].destPort,1001,,
General-0-20231204-10:01:37-5294,config,,,*.host12.app[3].typename,UdpBasicApp,,
General-0-20231204-10:01:37-5294,config,,,*.host12.app[3].destAddresses,"""host19""",,
General-0-20231204-10:01:37-5294,config,,,*.host12.app[3].source.packetNameFormat,"""%M-%m-%c""",,
General-0-20231204-10:01:37-5294,config,,,*.host12.app[3].source.displayStringTextFormat,"""sent %p pk (%l)""",,
General-0-20231204-10:01:37-5294,config,,,*.host12.app[3].messageLength,20B,,
General-0-20231204-10:01:37-5294,config,,,*.host12.app[3].sendInterval,1ms,,
General-0-20231204-10:01:37-5294,config,,,*.host12.app[3].startTime,4600us,,
General-0-20231204-10:01:37-5294,config,,,*.host12.app[3].stopTime,5400us,,
General-0-20231204-10:01:37-5294,config,,,*.host12.app[3].display-name,type2_7,,
General-0-20231204-10:01:37-5294,config,,,*.host12.app[3].destPort,1001,,
General-0-20231204-10:01:37-5294,config,,,*.host12.app[4].typename,UdpBasicApp,,
General-0-20231204-10:01:37-5294,config,,,*.host12.app[4].destAddresses,"""host19""",,
General-0-20231204-10:01:37-5294,config,,,*.host12.app[4].source.packetNameFormat,"""%M-%m-%c""",,
General-0-20231204-10:01:37-5294,config,,,*.host12.app[4].source.displayStringTextFormat,"""sent %p pk (%l)""",,
General-0-20231204-10:01:37-5294,config,,,*.host12.app[4].messageLength,20B,,
General-0-20231204-10:01:37-5294,config,,,*.host12.app[4].sendInterval,1ms,,
General-0-20231204-10:01:37-5294,config,,,*.host12.app[4].startTime,6700us,,
General-0-20231204-10:01:37-5294,config,,,*.host12.app[4].stopTime,7600us,,
General-0-20231204-10:01:37-5294,config,,,*.host12.app[4].display-name,type2_7,,
General-0-20231204-10:01:37-5294,config,,,*.host12.app[4].destPort,1001,,
General-0-20231204-10:01:37-5294,config,,,*.host12.app[5].typename,UdpBasicApp,,
General-0-20231204-10:01:37-5294,config,,,*.host12.app[5].destAddresses,"""host19""",,
General-0-20231204-10:01:37-5294,config,,,*.host12.app[5].source.packetNameFormat,"""%M-%m-%c""",,
General-0-20231204-10:01:37-5294,config,,,*.host12.app[5].source.displayStringTextFormat,"""sent %p pk (%l)""",,
General-0-20231204-10:01:37-5294,config,,,*.host12.app[5].messageLength,20B,,
General-0-20231204-10:01:37-5294,config,,,*.host12.app[5].sendInterval,1ms,,
General-0-20231204-10:01:37-5294,config,,,*.host12.app[5].startTime,8400us,,
General-0-20231204-10:01:37-5294,config,,,*.host12.app[5].stopTime,8900us,,
General-0-20231204-10:01:37-5294,config,,,*.host12.app[5].display-name,type2_7,,
General-0-20231204-10:01:37-5294,config,,,*.host12.app[5].destPort,1001,,
General-0-20231204-10:01:37-5294,config,,,*.host12.app[6].typename,UdpBasicApp,,
General-0-20231204-10:01:37-5294,config,,,*.host12.app[6].destAddresses,"""host6""",,
General-0-20231204-10:01:37-5294,config,,,*.host12.app[6].source.packetNameFormat,"""%M-%m-%c""",,
General-0-20231204-10:01:37-5294,config,,,*.host12.app[6].source.displayStringTextFormat,"""sent %p pk (%l)""",,
General-0-20231204-10:01:37-5294,config,,,*.host12.app[6].messageLength,22B,,
General-0-20231204-10:01:37-5294,config,,,*.host12.app[6].sendInterval,1ms,,
General-0-20231204-10:01:37-5294,config,,,*.host12.app[6].startTime,2400us,,
General-0-20231204-10:01:37-5294,config,,,*.host12.app[6].stopTime,3100us,,
General-0-20231204-10:01:37-5294,config,,,*.host12.app[6].display-name,type2_8,,
General-0-20231204-10:01:37-5294,config,,,*.host12.app[6].destPort,1001,,
General-0-20231204-10:01:37-5294,config,,,*.host12.app[7].typename,UdpBasicApp,,
General-0-20231204-10:01:37-5294,config,,,*.host12.app[7].destAddresses,"""host6""",,
General-0-20231204-10:01:37-5294,config,,,*.host12.app[7].source.packetNameFormat,"""%M-%m-%c""",,
General-0-20231204-10:01:37-5294,config,,,*.host12.app[7].source.displayStringTextFormat,"""sent %p pk (%l)""",,
General-0-20231204-10:01:37-5294,config,,,*.host12.app[7].messageLength,22B,,
General-0-20231204-10:01:37-5294,config,,,*.host12.app[7].sendInterval,1ms,,
General-0-20231204-10:01:37-5294,config,,,*.host12.app[7].startTime,3500us,,
General-0-20231204-10:01:37-5294,config,,,*.host12.app[7].stopTime,3800us,,
General-0-20231204-10:01:37-5294,config,,,*.host12.app[7].display-name,type2_8,,
General-0-20231204-10:01:37-5294,config,,,*.host12.app[7].destPort,1001,,
General-0-20231204-10:01:37-5294,config,,,*.host12.app[8].typename,UdpBasicApp,,
General-0-20231204-10:01:37-5294,config,,,*.host12.app[8].destAddresses,"""host6""",,
General-0-20231204-10:01:37-5294,config,,,*.host12.app[8].source.packetNameFormat,"""%M-%m-%c""",,
General-0-20231204-10:01:37-5294,config,,,*.host12.app[8].source.displayStringTextFormat,"""sent %p pk (%l)""",,
General-0-20231204-10:01:37-5294,config,,,*.host12.app[8].messageLength,22B,,
General-0-20231204-10:01:37-5294,config,,,*.host12.app[8].sendInterval,1ms,,
General-0-20231204-10:01:37-5294,config,,,*.host12.app[8].startTime,6000us,,
General-0-20231204-10:01:37-5294,config,,,*.host12.app[8].stopTime,6500us,,
General-0-20231204-10:01:37-5294,config,,,*.host12.app[8].display-name,type2_8,,
General-0-20231204-10:01:37-5294,config,,,*.host12.app[8].destPort,1001,,
General-0-20231204-10:01:37-5294,config,,,*.host12.app[9].typename,UdpBasicApp,,
General-0-20231204-10:01:37-5294,config,,,*.host12.app[9].destAddresses,"""host6""",,
General-0-20231204-10:01:37-5294,config,,,*.host12.app[9].source.packetNameFormat,"""%M-%m-%c""",,
General-0-20231204-10:01:37-5294,config,,,*.host12.app[9].source.displayStringTextFormat,"""sent %p pk (%l)""",,
General-0-20231204-10:01:37-5294,config,,,*.host12.app[9].messageLength,22B,,
General-0-20231204-10:01:37-5294,config,,,*.host12.app[9].sendInterval,1ms,,
General-0-20231204-10:01:37-5294,config,,,*.host12.app[9].startTime,7400us,,
General-0-20231204-10:01:37-5294,config,,,*.host12.app[9].stopTime,7700us,,
General-0-20231204-10:01:37-5294,config,,,*.host12.app[9].display-name,type2_8,,
General-0-20231204-10:01:37-5294,config,,,*.host12.app[9].destPort,1001,,
General-0-20231204-10:01:37-5294,config,,,*.host12.app[10].typename,UdpBasicApp,,
General-0-20231204-10:01:37-5294,config,,,*.host12.app[10].destAddresses,"""host6""",,
General-0-20231204-10:01:37-5294,config,,,*.host12.app[10].source.packetNameFormat,"""%M-%m-%c""",,
General-0-20231204-10:01:37-5294,config,,,*.host12.app[10].source.displayStringTextFormat,"""sent %p pk (%l)""",,
General-0-20231204-10:01:37-5294,config,,,*.host12.app[10].messageLength,22B,,
General-0-20231204-10:01:37-5294,config,,,*.host12.app[10].sendInterval,1ms,,
General-0-20231204-10:01:37-5294,config,,,*.host12.app[10].startTime,7800us,,
General-0-20231204-10:01:37-5294,config,,,*.host12.app[10].stopTime,8200us,,
General-0-20231204-10:01:37-5294,config,,,*.host12.app[10].display-name,type2_8,,
General-0-20231204-10:01:37-5294,config,,,*.host12.app[10].destPort,1001,,
General-0-20231204-10:01:37-5294,config,,,*.host12.app[11].typename,UdpBasicApp,,
General-0-20231204-10:01:37-5294,config,,,*.host12.app[11].destAddresses,"""host6""",,
General-0-20231204-10:01:37-5294,config,,,*.host12.app[11].source.packetNameFormat,"""%M-%m-%c""",,
General-0-20231204-10:01:37-5294,config,,,*.host12.app[11].source.displayStringTextFormat,"""sent %p pk (%l)""",,
General-0-20231204-10:01:37-5294,config,,,*.host12.app[11].messageLength,22B,,
General-0-20231204-10:01:37-5294,config,,,*.host12.app[11].sendInterval,1ms,,
General-0-20231204-10:01:37-5294,config,,,*.host12.app[11].startTime,8400us,,
General-0-20231204-10:01:37-5294,config,,,*.host12.app[11].stopTime,8600us,,
General-0-20231204-10:01:37-5294,config,,,*.host12.app[11].display-name,type2_8,,
General-0-20231204-10:01:37-5294,config,,,*.host12.app[11].destPort,1001,,
General-0-20231204-10:01:37-5294,config,,,*.host12.app[12].typename,UdpBasicApp,,
General-0-20231204-10:01:37-5294,config,,,*.host12.app[12].destAddresses,"""host6""",,
General-0-20231204-10:01:37-5294,config,,,*.host12.app[12].source.packetNameFormat,"""%M-%m-%c""",,
General-0-20231204-10:01:37-5294,config,,,*.host12.app[12].source.displayStringTextFormat,"""sent %p pk (%l)""",,
General-0-20231204-10:01:37-5294,config,,,*.host12.app[12].messageLength,22B,,
General-0-20231204-10:01:37-5294,config,,,*.host12.app[12].sendInterval,1ms,,
General-0-20231204-10:01:37-5294,config,,,*.host12.app[12].startTime,9000us,,
General-0-20231204-10:01:37-5294,config,,,*.host12.app[12].stopTime,9500us,,
General-0-20231204-10:01:37-5294,config,,,*.host12.app[12].display-name,type2_8,,
General-0-20231204-10:01:37-5294,config,,,*.host12.app[12].destPort,1001,,
General-0-20231204-10:01:37-5294,config,,,*.host13.numApps,11,,
General-0-20231204-10:01:37-5294,config,,,*.host13.app[0].typename,UdpSinkApp,,
General-0-20231204-10:01:37-5294,config,,,*.host13.app[0].io.localPort,1000,,
General-0-20231204-10:01:37-5294,config,,,*.host13.app[1].typename,UdpBasicApp,,
General-0-20231204-10:01:37-5294,config,,,*.host13.app[1].destAddresses,"""host11""",,
General-0-20231204-10:01:37-5294,config,,,*.host13.app[1].source.packetNameFormat,"""%M-%m-%c""",,
General-0-20231204-10:01:37-5294,config,,,*.host13.app[1].source.displayStringTextFormat,"""sent %p pk (%l)""",,
General-0-20231204-10:01:37-5294,config,,,*.host13.app[1].messageLength,22B,,
General-0-20231204-10:01:37-5294,config,,,*.host13.app[1].sendInterval,1ms,,
General-0-20231204-10:01:37-5294,config,,,*.host13.app[1].startTime,0us,,
General-0-20231204-10:01:37-5294,config,,,*.host13.app[1].stopTime,800us,,
General-0-20231204-10:01:37-5294,config,,,*.host13.app[1].display-name,type2_14,,
General-0-20231204-10:01:37-5294,config,,,*.host13.app[1].destPort,1000,,
General-0-20231204-10:01:37-5294,config,,,*.host13.app[2].typename,UdpBasicApp,,
General-0-20231204-10:01:37-5294,config,,,*.host13.app[2].destAddresses,"""host11""",,
General-0-20231204-10:01:37-5294,config,,,*.host13.app[2].source.packetNameFormat,"""%M-%m-%c""",,
General-0-20231204-10:01:37-5294,config,,,*.host13.app[2].source.displayStringTextFormat,"""sent %p pk (%l)""",,
General-0-20231204-10:01:37-5294,config,,,*.host13.app[2].messageLength,22B,,
General-0-20231204-10:01:37-5294,config,,,*.host13.app[2].sendInterval,1ms,,
General-0-20231204-10:01:37-5294,config,,,*.host13.app[2].startTime,1000us,,
General-0-20231204-10:01:37-5294,config,,,*.host13.app[2].stopTime,1300us,,
General-0-20231204-10:01:37-5294,config,,,*.host13.app[2].display-name,type2_14,,
General-0-20231204-10:01:37-5294,config,,,*.host13.app[2].destPort,1000,,
General-0-20231204-10:01:37-5294,config,,,*.host13.app[3].typename,UdpBasicApp,,
General-0-20231204-10:01:37-5294,config,,,*.host13.app[3].destAddresses,"""host11""",,
General-0-20231204-10:01:37-5294,config,,,*.host13.app[3].source.packetNameFormat,"""%M-%m-%c""",,
General-0-20231204-10:01:37-5294,config,,,*.host13.app[3].source.displayStringTextFormat,"""sent %p pk (%l)""",,
General-0-20231204-10:01:37-5294,config,,,*.host13.app[3].messageLength,22B,,
General-0-20231204-10:01:37-5294,config,,,*.host13.app[3].sendInterval,1ms,,
General-0-20231204-10:01:37-5294,config,,,*.host13.app[3].startTime,2400us,,
General-0-20231204-10:01:37-5294,config,,,*.host13.app[3].stopTime,2700us,,
General-0-20231204-10:01:37-5294,config,,,*.host13.app[3].display-name,type2_14,,
General-0-20231204-10:01:37-5294,config,,,*.host13.app[3].destPort,1000,,
General-0-20231204-10:01:37-5294,config,,,*.host13.app[4].typename,UdpBasicApp,,
General-0-20231204-10:01:37-5294,config,,,*.host13.app[4].destAddresses,"""host11""",,
General-0-20231204-10:01:37-5294,config,,,*.host13.app[4].source.packetNameFormat,"""%M-%m-%c""",,
General-0-20231204-10:01:37-5294,config,,,*.host13.app[4].source.displayStringTextFormat,"""sent %p pk (%l)""",,
General-0-20231204-10:01:37-5294,config,,,*.host13.app[4].messageLength,22B,,
General-0-20231204-10:01:37-5294,config,,,*.host13.app[4].sendInterval,1ms,,
General-0-20231204-10:01:37-5294,config,,,*.host13.app[4].startTime,4800us,,
General-0-20231204-10:01:37-5294,config,,,*.host13.app[4].stopTime,5000us,,
General-0-20231204-10:01:37-5294,config,,,*.host13.app[4].display-name,type2_14,,
General-0-20231204-10:01:37-5294,config,,,*.host13.app[4].destPort,1000,,
General-0-20231204-10:01:37-5294,config,,,*.host13.app[5].typename,UdpBasicApp,,
General-0-20231204-10:01:37-5294,config,,,*.host13.app[5].destAddresses,"""host11""",,
General-0-20231204-10:01:37-5294,config,,,*.host13.app[5].source.packetNameFormat,"""%M-%m-%c""",,
General-0-20231204-10:01:37-5294,config,,,*.host13.app[5].source.displayStringTextFormat,"""sent %p pk (%l)""",,
General-0-20231204-10:01:37-5294,config,,,*.host13.app[5].messageLength,22B,,
General-0-20231204-10:01:37-5294,config,,,*.host13.app[5].sendInterval,1ms,,
General-0-20231204-10:01:37-5294,config,,,*.host13.app[5].startTime,5200us,,
General-0-20231204-10:01:37-5294,config,,,*.host13.app[5].stopTime,6000us,,
General-0-20231204-10:01:37-5294,config,,,*.host13.app[5].display-name,type2_14,,
General-0-20231204-10:01:37-5294,config,,,*.host13.app[5].destPort,1000,,
General-0-20231204-10:01:37-5294,config,,,*.host13.app[6].typename,UdpBasicApp,,
General-0-20231204-10:01:37-5294,config,,,*.host13.app[6].destAddresses,"""host11""",,
General-0-20231204-10:01:37-5294,config,,,*.host13.app[6].source.packetNameFormat,"""%M-%m-%c""",,
General-0-20231204-10:01:37-5294,config,,,*.host13.app[6].source.displayStringTextFormat,"""sent %p pk (%l)""",,
General-0-20231204-10:01:37-5294,config,,,*.host13.app[6].messageLength,22B,,
General-0-20231204-10:01:37-5294,config,,,*.host13.app[6].sendInterval,1ms,,
General-0-20231204-10:01:37-5294,config,,,*.host13.app[6].startTime,6200us,,
General-0-20231204-10:01:37-5294,config,,,*.host13.app[6].stopTime,7200us,,
General-0-20231204-10:01:37-5294,config,,,*.host13.app[6].display-name,type2_14,,
General-0-20231204-10:01:37-5294,config,,,*.host13.app[6].destPort,1000,,
General-0-20231204-10:01:37-5294,config,,,*.host13.app[7].typename,UdpBasicApp,,
General-0-20231204-10:01:37-5294,config,,,*.host13.app[7].destAddresses,"""host11""",,
General-0-20231204-10:01:37-5294,config,,,*.host13.app[7].source.packetNameFormat,"""%M-%m-%c""",,
General-0-20231204-10:01:37-5294,config,,,*.host13.app[7].source.displayStringTextFormat,"""sent %p pk (%l)""",,
General-0-20231204-10:01:37-5294,config,,,*.host13.app[7].messageLength,22B,,
General-0-20231204-10:01:37-5294,config,,,*.host13.app[7].sendInterval,1ms,,
General-0-20231204-10:01:37-5294,config,,,*.host13.app[7].startTime,7600us,,
General-0-20231204-10:01:37-5294,config,,,*.host13.app[7].stopTime,7700us,,
General-0-20231204-10:01:37-5294,config,,,*.host13.app[7].display-name,type2_14,,
General-0-20231204-10:01:37-5294,config,,,*.host13.app[7].destPort,1000,,
General-0-20231204-10:01:37-5294,config,,,*.host13.app[8].typename,UdpBasicApp,,
General-0-20231204-10:01:37-5294,config,,,*.host13.app[8].destAddresses,"""host11""",,
General-0-20231204-10:01:37-5294,config,,,*.host13.app[8].source.packetNameFormat,"""%M-%m-%c""",,
General-0-20231204-10:01:37-5294,config,,,*.host13.app[8].source.displayStringTextFormat,"""sent %p pk (%l)""",,
General-0-20231204-10:01:37-5294,config,,,*.host13.app[8].messageLength,22B,,
General-0-20231204-10:01:37-5294,config,,,*.host13.app[8].sendInterval,1ms,,
General-0-20231204-10:01:37-5294,config,,,*.host13.app[8].startTime,8000us,,
General-0-20231204-10:01:37-5294,config,,,*.host13.app[8].stopTime,8200us,,
General-0-20231204-10:01:37-5294,config,,,*.host13.app[8].display-name,type2_14,,
General-0-20231204-10:01:37-5294,config,,,*.host13.app[8].destPort,1000,,
General-0-20231204-10:01:37-5294,config,,,*.host13.app[9].typename,UdpBasicApp,,
General-0-20231204-10:01:37-5294,config,,,*.host13.app[9].destAddresses,"""host11""",,
General-0-20231204-10:01:37-5294,config,,,*.host13.app[9].source.packetNameFormat,"""%M-%m-%c""",,
General-0-20231204-10:01:37-5294,config,,,*.host13.app[9].source.displayStringTextFormat,"""sent %p pk (%l)""",,
General-0-20231204-10:01:37-5294,config,,,*.host13.app[9].messageLength,22B,,
General-0-20231204-10:01:37-5294,config,,,*.host13.app[9].sendInterval,1ms,,
General-0-20231204-10:01:37-5294,config,,,*.host13.app[9].startTime,8800us,,
General-0-20231204-10:01:37-5294,config,,,*.host13.app[9].stopTime,9200us,,
General-0-20231204-10:01:37-5294,config,,,*.host13.app[9].display-name,type2_14,,
General-0-20231204-10:01:37-5294,config,,,*.host13.app[9].destPort,1000,,
General-0-20231204-10:01:37-5294,config,,,*.host13.app[10].typename,UdpBasicApp,,
General-0-20231204-10:01:37-5294,config,,,*.host13.app[10].destAddresses,"""host11""",,
General-0-20231204-10:01:37-5294,config,,,*.host13.app[10].source.packetNameFormat,"""%M-%m-%c""",,
General-0-20231204-10:01:37-5294,config,,,*.host13.app[10].source.displayStringTextFormat,"""sent %p pk (%l)""",,
General-0-20231204-10:01:37-5294,config,,,*.host13.app[10].messageLength,22B,,
General-0-20231204-10:01:37-5294,config,,,*.host13.app[10].sendInterval,1ms,,
General-0-20231204-10:01:37-5294,config,,,*.host13.app[10].startTime,9900us,,
General-0-20231204-10:01:37-5294,config,,,*.host13.app[10].stopTime,10000us,,
General-0-20231204-10:01:37-5294,config,,,*.host13.app[10].display-name,type2_14,,
General-0-20231204-10:01:37-5294,config,,,*.host13.app[10].destPort,1000,,
General-0-20231204-10:01:37-5294,config,,,*.host14.numApps,16,,
General-0-20231204-10:01:37-5294,config,,,*.host14.app[0].typename,UdpSourceApp,,
General-0-20231204-10:01:37-5294,config,,,*.host14.app[0].io.destAddress,"""host6""",,
General-0-20231204-10:01:37-5294,config,,,*.host14.app[0].source.packetNameFormat,"""%M-%m-%c""",,
General-0-20231204-10:01:37-5294,config,,,*.host14.app[0].source.displayStringTextFormat,"""sent %p pk (%l)""",,
General-0-20231204-10:01:37-5294,config,,,*.host14.app[0].source.packetLength,22B,,
General-0-20231204-10:01:37-5294,config,,,*.host14.app[0].source.productionInterval,1ms,,
General-0-20231204-10:01:37-5294,config,,,*.host14.app[0].display-name,type1_1,,
General-0-20231204-10:01:37-5294,config,,,*.host14.app[0].io.destPort,1000,,
General-0-20231204-10:01:37-5294,config,,,*.host14.app[1].typename,UdpSinkApp,,
General-0-20231204-10:01:37-5294,config,,,*.host14.app[1].io.localPort,1000,,
General-0-20231204-10:01:37-5294,config,,,*.host14.app[2].typename,UdpBasicApp,,
General-0-20231204-10:01:37-5294,config,,,*.host14.app[2].destAddresses,"""host9""",,
General-0-20231204-10:01:37-5294,config,,,*.host14.app[2].source.packetNameFormat,"""%M-%m-%c""",,
General-0-20231204-10:01:37-5294,config,,,*.host14.app[2].source.displayStringTextFormat,"""sent %p pk (%l)""",,
General-0-20231204-10:01:37-5294,config,,,*.host14.app[2].messageLength,20B,,
General-0-20231204-10:01:37-5294,config,,,*.host14.app[2].sendInterval,1ms,,
General-0-20231204-10:01:37-5294,config,,,*.host14.app[2].startTime,1300us,,
General-0-20231204-10:01:37-5294,config,,,*.host14.app[2].stopTime,1600us,,
General-0-20231204-10:01:37-5294,config,,,*.host14.app[2].display-name,type2_9,,
General-0-20231204-10:01:37-5294,config,,,*.host14.app[2].destPort,1000,,
General-0-20231204-10:01:37-5294,config,,,*.host14.app[3].typename,UdpBasicApp,,
General-0-20231204-10:01:37-5294,config,,,*.host14.app[3].destAddresses,"""host9""",,
General-0-20231204-10:01:37-5294,config,,,*.host14.app[3].source.packetNameFormat,"""%M-%m-%c""",,
General-0-20231204-10:01:37-5294,config,,,*.host14.app[3].source.displayStringTextFormat,"""sent %p pk (%l)""",,
General-0-20231204-10:01:37-5294,config,,,*.host14.app[3].messageLength,20B,,
General-0-20231204-10:01:37-5294,config,,,*.host14.app[3].sendInterval,1ms,,
General-0-20231204-10:01:37-5294,config,,,*.host14.app[3].startTime,2000us,,
General-0-20231204-10:01:37-5294,config,,,*.host14.app[3].stopTime,2100us,,
General-0-20231204-10:01:37-5294,config,,,*.host14.app[3].display-name,type2_9,,
General-0-20231204-10:01:37-5294,config,,,*.host14.app[3].destPort,1000,,
General-0-20231204-10:01:37-5294,config,,,*.host14.app[4].typename,UdpBasicApp,,
General-0-20231204-10:01:37-5294,config,,,*.host14.app[4].destAddresses,"""host9""",,
General-0-20231204-10:01:37-5294,config,,,*.host14.app[4].source.packetNameFormat,"""%M-%m-%c""",,
General-0-20231204-10:01:37-5294,config,,,*.host14.app[4].source.displayStringTextFormat,"""sent %p pk (%l)""",,
General-0-20231204-10:01:37-5294,config,,,*.host14.app[4].messageLength,20B,,
General-0-20231204-10:01:37-5294,config,,,*.host14.app[4].sendInterval,1ms,,
General-0-20231204-10:01:37-5294,config,,,*.host14.app[4].startTime,2600us,,
General-0-20231204-10:01:37-5294,config,,,*.host14.app[4].stopTime,6500us,,
General-0-20231204-10:01:37-5294,config,,,*.host14.app[4].display-name,type2_9,,
General-0-20231204-10:01:37-5294,config,,,*.host14.app[4].destPort,1000,,
General-0-20231204-10:01:37-5294,config,,,*.host14.app[5].typename,UdpBasicApp,,
General-0-20231204-10:01:37-5294,config,,,*.host14.app[5].destAddresses,"""host9""",,
General-0-20231204-10:01:37-5294,config,,,*.host14.app[5].source.packetNameFormat,"""%M-%m-%c""",,
General-0-20231204-10:01:37-5294,config,,,*.host14.app[5].source.displayStringTextFormat,"""sent %p pk (%l)""",,
General-0-20231204-10:01:37-5294,config,,,*.host14.app[5].messageLength,20B,,
General-0-20231204-10:01:37-5294,config,,,*.host14.app[5].sendInterval,1ms,,
General-0-20231204-10:01:37-5294,config,,,*.host14.app[5].startTime,6700us,,
General-0-20231204-10:01:37-5294,config,,,*.host14.app[5].stopTime,7900us,,
General-0-20231204-10:01:37-5294,config,,,*.host14.app[5].display-name,type2_9,,
General-0-20231204-10:01:37-5294,config,,,*.host14.app[5].destPort,1000,,
General-0-20231204-10:01:37-5294,config,,,*.host14.app[6].typename,UdpBasicApp,,
General-0-20231204-10:01:37-5294,config,,,*.host14.app[6].destAddresses,"""host9""",,
General-0-20231204-10:01:37-5294,config,,,*.host14.app[6].source.packetNameFormat,"""%M-%m-%c""",,
General-0-20231204-10:01:37-5294,config,,,*.host14.app[6].source.displayStringTextFormat,"""sent %p pk (%l)""",,
General-0-20231204-10:01:37-5294,config,,,*.host14.app[6].messageLength,20B,,
General-0-20231204-10:01:37-5294,config,,,*.host14.app[6].sendInterval,1ms,,
General-0-20231204-10:01:37-5294,config,,,*.host14.app[6].startTime,8300us,,
General-0-20231204-10:01:37-5294,config,,,*.host14.app[6].stopTime,9000us,,
General-0-20231204-10:01:37-5294,config,,,*.host14.app[6].display-name,type2_9,,
General-0-20231204-10:01:37-5294,config,,,*.host14.app[6].destPort,1000,,
General-0-20231204-10:01:37-5294,config,,,*.host14.app[7].typename,UdpBasicApp,,
General-0-20231204-10:01:37-5294,config,,,*.host14.app[7].destAddresses,"""host9""",,
General-0-20231204-10:01:37-5294,config,,,*.host14.app[7].source.packetNameFormat,"""%M-%m-%c""",,
General-0-20231204-10:01:37-5294,config,,,*.host14.app[7].source.displayStringTextFormat,"""sent %p pk (%l)""",,
General-0-20231204-10:01:37-5294,config,,,*.host14.app[7].messageLength,20B,,
General-0-20231204-10:01:37-5294,config,,,*.host14.app[7].sendInterval,1ms,,
General-0-20231204-10:01:37-5294,config,,,*.host14.app[7].startTime,9600us,,
General-0-20231204-10:01:37-5294,config,,,*.host14.app[7].stopTime,10000us,,
General-0-20231204-10:01:37-5294,config,,,*.host14.app[7].display-name,type2_9,,
General-0-20231204-10:01:37-5294,config,,,*.host14.app[7].destPort,1000,,
General-0-20231204-10:01:37-5294,config,,,*.host14.app[8].typename,UdpBasicApp,,
General-0-20231204-10:01:37-5294,config,,,*.host14.app[8].destAddresses,"""host17""",,
General-0-20231204-10:01:37-5294,config,,,*.host14.app[8].source.packetNameFormat,"""%M-%m-%c""",,
General-0-20231204-10:01:37-5294,config,,,*.host14.app[8].source.displayStringTextFormat,"""sent %p pk (%l)""",,
General-0-20231204-10:01:37-5294,config,,,*.host14.app[8].messageLength,16B,,
General-0-20231204-10:01:37-5294,config,,,*.host14.app[8].sendInterval,1ms,,
General-0-20231204-10:01:37-5294,config,,,*.host14.app[8].startTime,900us,,
General-0-20231204-10:01:37-5294,config,,,*.host14.app[8].stopTime,1300us,,
General-0-20231204-10:01:37-5294,config,,,*.host14.app[8].display-name,type2_11,,
General-0-20231204-10:01:37-5294,config,,,*.host14.app[8].destPort,1000,,
General-0-20231204-10:01:37-5294,config,,,*.host14.app[9].typename,UdpBasicApp,,
General-0-20231204-10:01:37-5294,config,,,*.host14.app[9].destAddresses,"""host17""",,
General-0-20231204-10:01:37-5294,config,,,*.host14.app[9].source.packetNameFormat,"""%M-%m-%c""",,
General-0-20231204-10:01:37-5294,config,,,*.host14.app[9].source.displayStringTextFormat,"""sent %p pk (%l)""",,
General-0-20231204-10:01:37-5294,config,,,*.host14.app[9].messageLength,16B,,
General-0-20231204-10:01:37-5294,config,,,*.host14.app[9].sendInterval,1ms,,
General-0-20231204-10:01:37-5294,config,,,*.host14.app[9].startTime,1500us,,
General-0-20231204-10:01:37-5294,config,,,*.host14.app[9].stopTime,3600us,,
General-0-20231204-10:01:37-5294,config,,,*.host14.app[9].display-name,type2_11,,
General-0-20231204-10:01:37-5294,config,,,*.host14.app[9].destPort,1000,,
General-0-20231204-10:01:37-5294,config,,,*.host14.app[10].typename,UdpBasicApp,,
General-0-20231204-10:01:37-5294,config,,,*.host14.app[10].destAddresses,"""host17""",,
General-0-20231204-10:01:37-5294,config,,,*.host14.app[10].source.packetNameFormat,"""%M-%m-%c""",,
General-0-20231204-10:01:37-5294,config,,,*.host14.app[10].source.displayStringTextFormat,"""sent %p pk (%l)""",,
General-0-20231204-10:01:37-5294,config,,,*.host14.app[10].messageLength,16B,,
General-0-20231204-10:01:37-5294,config,,,*.host14.app[10].sendInterval,1ms,,
General-0-20231204-10:01:37-5294,config,,,*.host14.app[10].startTime,4100us,,
General-0-20231204-10:01:37-5294,config,,,*.host14.app[10].stopTime,4700us,,
General-0-20231204-10:01:37-5294,config,,,*.host14.app[10].display-name,type2_11,,
General-0-20231204-10:01:37-5294,config,,,*.host14.app[10].destPort,1000,,
General-0-20231204-10:01:37-5294,config,,,*.host14.app[11].typename,UdpBasicApp,,
General-0-20231204-10:01:37-5294,config,,,*.host14.app[11].destAddresses,"""host17""",,
General-0-20231204-10:01:37-5294,config,,,*.host14.app[11].source.packetNameFormat,"""%M-%m-%c""",,
General-0-20231204-10:01:37-5294,config,,,*.host14.app[11].source.displayStringTextFormat,"""sent %p pk (%l)""",,
General-0-20231204-10:01:37-5294,config,,,*.host14.app[11].messageLength,16B,,
General-0-20231204-10:01:37-5294,config,,,*.host14.app[11].sendInterval,1ms,,
General-0-20231204-10:01:37-5294,config,,,*.host14.app[11].startTime,5300us,,
General-0-20231204-10:01:37-5294,config,,,*.host14.app[11].stopTime,5700us,,
General-0-20231204-10:01:37-5294,config,,,*.host14.app[11].display-name,type2_11,,
General-0-20231204-10:01:37-5294,config,,,*.host14.app[11].destPort,1000,,
General-0-20231204-10:01:37-5294,config,,,*.host14.app[12].typename,UdpBasicApp,,
General-0-20231204-10:01:37-5294,config,,,*.host14.app[12].destAddresses,"""host17""",,
General-0-20231204-10:01:37-5294,config,,,*.host14.app[12].source.packetNameFormat,"""%M-%m-%c""",,
General-0-20231204-10:01:37-5294,config,,,*.host14.app[12].source.displayStringTextFormat,"""sent %p pk (%l)""",,
General-0-20231204-10:01:37-5294,config,,,*.host14.app[12].messageLength,16B,,
General-0-20231204-10:01:37-5294,config,,,*.host14.app[12].sendInterval,1ms,,
General-0-20231204-10:01:37-5294,config,,,*.host14.app[12].startTime,6900us,,
General-0-20231204-10:01:37-5294,config,,,*.host14.app[12].stopTime,7000us,,
General-0-20231204-10:01:37-5294,config,,,*.host14.app[12].display-name,type2_11,,
General-0-20231204-10:01:37-5294,config,,,*.host14.app[12].destPort,1000,,
General-0-20231204-10:01:37-5294,config,,,*.host14.app[13].typename,UdpBasicApp,,
General-0-20231204-10:01:37-5294,config,,,*.host14.app[13].destAddresses,"""host17""",,
General-0-20231204-10:01:37-5294,config,,,*.host14.app[13].source.packetNameFormat,"""%M-%m-%c""",,
General-0-20231204-10:01:37-5294,config,,,*.host14.app[13].source.displayStringTextFormat,"""sent %p pk (%l)""",,
General-0-20231204-10:01:37-5294,config,,,*.host14.app[13].messageLength,16B,,
General-0-20231204-10:01:37-5294,config,,,*.host14.app[13].sendInterval,1ms,,
General-0-20231204-10:01:37-5294,config,,,*.host14.app[13].startTime,8300us,,
General-0-20231204-10:01:37-5294,config,,,*.host14.app[13].stopTime,8500us,,
General-0-20231204-10:01:37-5294,config,,,*.host14.app[13].display-name,type2_11,,
General-0-20231204-10:01:37-5294,config,,,*.host14.app[13].destPort,1000,,
General-0-20231204-10:01:37-5294,config,,,*.host14.app[14].typename,UdpBasicApp,,
General-0-20231204-10:01:37-5294,config,,,*.host14.app[14].destAddresses,"""host17""",,
General-0-20231204-10:01:37-5294,config,,,*.host14.app[14].source.packetNameFormat,"""%M-%m-%c""",,
General-0-20231204-10:01:37-5294,config,,,*.host14.app[14].source.displayStringTextFormat,"""sent %p pk (%l)""",,
General-0-20231204-10:01:37-5294,config,,,*.host14.app[14].messageLength,16B,,
General-0-20231204-10:01:37-5294,config,,,*.host14.app[14].sendInterval,1ms,,
General-0-20231204-10:01:37-5294,config,,,*.host14.app[14].startTime,8900us,,
General-0-20231204-10:01:37-5294,config,,,*.host14.app[14].stopTime,9200us,,
General-0-20231204-10:01:37-5294,config,,,*.host14.app[14].display-name,type2_11,,
General-0-20231204-10:01:37-5294,config,,,*.host14.app[14].destPort,1000,,
General-0-20231204-10:01:37-5294,config,,,*.host14.app[15].typename,UdpBasicApp,,
General-0-20231204-10:01:37-5294,config,,,*.host14.app[15].destAddresses,"""host17""",,
General-0-20231204-10:01:37-5294,config,,,*.host14.app[15].source.packetNameFormat,"""%M-%m-%c""",,
General-0-20231204-10:01:37-5294,config,,,*.host14.app[15].source.displayStringTextFormat,"""sent %p pk (%l)""",,
General-0-20231204-10:01:37-5294,config,,,*.host14.app[15].messageLength,16B,,
General-0-20231204-10:01:37-5294,config,,,*.host14.app[15].sendInterval,1ms,,
General-0-20231204-10:01:37-5294,config,,,*.host14.app[15].startTime,9700us,,
General-0-20231204-10:01:37-5294,config,,,*.host14.app[15].stopTime,10000us,,
General-0-20231204-10:01:37-5294,config,,,*.host14.app[15].display-name,type2_11,,
General-0-20231204-10:01:37-5294,config,,,*.host14.app[15].destPort,1000,,
General-0-20231204-10:01:37-5294,config,,,*.host15.numApps,2,,
General-0-20231204-10:01:37-5294,config,,,*.host15.app[0].typename,UdpSinkApp,,
General-0-20231204-10:01:37-5294,config,,,*.host15.app[0].io.localPort,1000,,
General-0-20231204-10:01:37-5294,config,,,*.host15.app[1].typename,UdpSinkApp,,
General-0-20231204-10:01:37-5294,config,,,*.host15.app[1].io.localPort,1001,,
General-0-20231204-10:01:37-5294,config,,,*.host16.numApps,3,,
General-0-20231204-10:01:37-5294,config,,,*.host16.app[0].typename,UdpSinkApp,,
General-0-20231204-10:01:37-5294,config,,,*.host16.app[0].io.localPort,1000,,
General-0-20231204-10:01:37-5294,config,,,*.host16.app[1].typename,UdpSinkApp,,
General-0-20231204-10:01:37-5294,config,,,*.host16.app[1].io.localPort,1001,,
General-0-20231204-10:01:37-5294,config,,,*.host16.app[2].typename,UdpSinkApp,,
General-0-20231204-10:01:37-5294,config,,,*.host16.app[2].io.localPort,1002,,
General-0-20231204-10:01:37-5294,config,,,*.host17.numApps,1,,
General-0-20231204-10:01:37-5294,config,,,*.host17.app[0].typename,UdpSinkApp,,
General-0-20231204-10:01:37-5294,config,,,*.host17.app[0].io.localPort,1000,,
General-0-20231204-10:01:37-5294,config,,,*.host18.numApps,2,,
General-0-20231204-10:01:37-5294,config,,,*.host18.app[0].typename,UdpSourceApp,,
General-0-20231204-10:01:37-5294,config,,,*.host18.app[0].io.destAddress,"""host5""",,
General-0-20231204-10:01:37-5294,config,,,*.host18.app[0].source.packetNameFormat,"""%M-%m-%c""",,
General-0-20231204-10:01:37-5294,config,,,*.host18.app[0].source.displayStringTextFormat,"""sent %p pk (%l)""",,
General-0-20231204-10:01:37-5294,config,,,*.host18.app[0].source.packetLength,23B,,
General-0-20231204-10:01:37-5294,config,,,*.host18.app[0].source.productionInterval,1ms,,
General-0-20231204-10:01:37-5294,config,,,*.host18.app[0].display-name,type1_2,,
General-0-20231204-10:01:37-5294,config,,,*.host18.app[0].io.destPort,1001,,
General-0-20231204-10:01:37-5294,config,,,*.host18.app[1].typename,UdpSinkApp,,
General-0-20231204-10:01:37-5294,config,,,*.host18.app[1].io.localPort,1000,,
General-0-20231204-10:01:37-5294,config,,,*.host19.numApps,2,,
General-0-20231204-10:01:37-5294,config,,,*.host19.app[0].typename,UdpSinkApp,,
General-0-20231204-10:01:37-5294,config,,,*.host19.app[0].io.localPort,1000,,
General-0-20231204-10:01:37-5294,config,,,*.host19.app[1].typename,UdpSinkApp,,
General-0-20231204-10:01:37-5294,config,,,*.host19.app[1].io.localPort,1001,,
General-0-20231204-10:01:37-5294,config,,,*.streamRedundancyConfigurator.configuration,"[
	{
		name: ""S1-0"",
		packetFilter: ""*-type1_0-*"",
		source: ""host2"",
		destination: ""host5"",
		trees: [[[""host2"", ""switch2"", ""switch5"", ""host5""]]]
	},
	{
		name: ""S1-1"",
		packetFilter: ""*-type1_1-*"",
		source: ""host14"",
		destination: ""host6"",
		trees: [[[""host14"", ""switch14"", ""switch9"", ""switch11"", ""switch18"", ""switch6"", ""host6""]]]
	},
	{
		name: ""S1-2"",
		packetFilter: ""*-type1_2-*"",
		source: ""host18"",
		destination: ""host5"",
		trees: [[[""host18"",
	 ""switch18"",
	 ""switch6"",
	 ""switch17"",
	 ""switch11"",
	 ""switch4"",
	 ""switch16"",
	 ""switch9"",
	 ""switch0"",
	 ""switch8"",
	 ""switch7"",
	 ""switch5"",
	 ""host5""]]]
	},
	{
		name: ""S1-3"",
		packetFilter: ""*-type1_3-*"",
		source: ""host0"",
		destination: ""host3"",
		trees: [[[""host0"", ""switch0"", ""switch8"", ""switch7"", ""switch3"", ""host3""]]]
	},
	{
		name: ""S1-4"",
		packetFilter: ""*-type1_4-*"",
		source: ""host2"",
		destination: ""host4"",
		trees: [[[""host2"",
	 ""switch2"",
	 ""switch12"",
	 ""switch17"",
	 ""switch6"",
	 ""switch9"",
	 ""switch10"",
	 ""switch7"",
	 ""switch4"",
	 ""host4""]]]
	},
	{
		name: ""S2-0"",
		packetFilter: ""*-type2_0-*"",
		source: ""host11"",
		destination: ""host19"",
		trees: [[[""host11"",
	 ""switch11"",
	 ""switch18"",
	 ""switch15"",
	 ""switch13"",
	 ""switch14"",
	 ""switch16"",
	 ""switch19"",
	 ""host19""]]]
	},
	{
		name: ""S2-1"",
		packetFilter: ""*-type2_1-*"",
		source: ""host1"",
		destination: ""host15"",
		trees: [[[""host1"", ""switch1"", ""switch11"", ""switch18"", ""switch15"", ""host15""]]]
	},
	{
		name: ""S2-2"",
		packetFilter: ""*-type2_2-*"",
		source: ""host3"",
		destination: ""host16"",
		trees: [[[""host3"",
	 ""switch3"",
	 ""switch4"",
	 ""switch5"",
	 ""switch8"",
	 ""switch7"",
	 ""switch6"",
	 ""switch9"",
	 ""switch10"",
	 ""switch12"",
	 ""switch11"",
	 ""switch18"",
	 ""switch15"",
	 ""switch13"",
	 ""switch14"",
	 ""switch16"",
	 ""host16""]]]
	},
	{
		name: ""S2-3"",
		packetFilter: ""*-type2_3-*"",
		source: ""host6"",
		destination: ""host18"",
		trees: [[[""host6"",
	 ""switch6"",
	 ""switch9"",
	 ""switch10"",
	 ""switch12"",
	 ""switch11"",
	 ""switch18"",
	 ""host18""]]]
	},
	{
		name: ""S2-4"",
		packetFilter: ""*-type2_4-*"",
		source: ""host8"",
		destination: ""host16"",
		trees: [[[""host8"",
	 ""switch8"",
	 ""switch7"",
	 ""switch6"",
	 ""switch9"",
	 ""switch10"",
	 ""switch12"",
	 ""switch11"",
	 ""switch18"",
	 ""switch15"",
	 ""switch13"",
	 ""switch14"",
	 ""switch16"",
	 ""host16""]]]
	},
	{
		name: ""S2-5"",
		packetFilter: ""*-type2_5-*"",
		source: ""host2"",
		destination: ""host16"",
		trees: [[[""host2"",
	 ""switch2"",
	 ""switch3"",
	 ""switch4"",
	 ""switch5"",
	 ""switch8"",
	 ""switch7"",
	 ""switch6"",
	 ""switch9"",
	 ""switch10"",
	 ""switch12"",
	 ""switch11"",
	 ""switch18"",
	 ""switch15"",
	 ""switch13"",
	 ""switch14"",
	 ""switch16"",
	 ""host16""]]]
	},
	{
		name: ""S2-6"",
		packetFilter: ""*-type2_6-*"",
		source: ""host7"",
		destination: ""host14"",
		trees: [[[""host7"",
	 ""switch7"",
	 ""switch6"",
	 ""switch9"",
	 ""switch10"",
	 ""switch12"",
	 ""switch11"",
	 ""switch18"",
	 ""switch15"",
	 ""switch13"",
	 ""switch14"",
	 ""host14""]]]
	},
	{
		name: ""S2-7"",
		packetFilter: ""*-type2_7-*"",
		source: ""host12"",
		destination: ""host19"",
		trees: [[[""host12"",
	 ""switch12"",
	 ""switch11"",
	 ""switch18"",
	 ""switch15"",
	 ""switch13"",
	 ""switch14"",
	 ""switch16"",
	 ""switch19"",
	 ""host19""]]]
	},
	{
		name: ""S2-8"",
		packetFilter: ""*-type2_8-*"",
		source: ""host12"",
		destination: ""host6"",
		trees: [[[""host12"",
	 ""switch12"",
	 ""switch11"",
	 ""switch18"",
	 ""switch15"",
	 ""switch13"",
	 ""switch14"",
	 ""switch16"",
	 ""switch19"",
	 ""switch17"",
	 ""switch2"",
	 ""switch3"",
	 ""switch4"",
	 ""switch5"",
	 ""switch8"",
	 ""switch7"",
	 ""switch6"",
	 ""host6""]]]
	},
	{
		name: ""S2-9"",
		packetFilter: ""*-type2_9-*"",
		source: ""host14"",
		destination: ""host9"",
		trees: [[[""host14"",
	 ""switch14"",
	 ""switch16"",
	 ""switch19"",
	 ""switch17"",
	 ""switch2"",
	 ""switch3"",
	 ""switch4"",
	 ""switch5"",
	 ""switch8"",
	 ""switch7"",
	 ""switch6"",
	 ""switch9"",
	 ""host9""]]]
	},
	{
		name: ""S2-10"",
		packetFilter: ""*-type2_10-*"",
		source: ""host7"",
		destination: ""host3"",
		trees: [[[""host7"", ""switch7"", ""switch2"", ""switch1"", ""switch11"", ""switch3"", ""host3""]]]
	},
	{
		name: ""S2-11"",
		packetFilter: ""*-type2_11-*"",
		source: ""host14"",
		destination: ""host17"",
		trees: [[[""host14"", ""switch14"", ""switch16"", ""switch19"", ""switch17"", ""host17""]]]
	},
	{
		name: ""S2-12"",
		packetFilter: ""*-type2_12-*"",
		source: ""host6"",
		destination: ""host15"",
		trees: [[[""host6"",
	 ""switch6"",
	 ""switch9"",
	 ""switch10"",
	 ""switch12"",
	 ""switch11"",
	 ""switch18"",
	 ""switch15"",
	 ""host15""]]]
	},
	{
		name: ""S2-13"",
		packetFilter: ""*-type2_13-*"",
		source: ""host6"",
		destination: ""host13"",
		trees: [[[""host6"",
	 ""switch6"",
	 ""switch9"",
	 ""switch10"",
	 ""switch12"",
	 ""switch11"",
	 ""switch18"",
	 ""switch15"",
	 ""switch13"",
	 ""host13""]]]
	},
	{
		name: ""S2-14"",
		packetFilter: ""*-type2_14-*"",
		source: ""host13"",
		destination: ""host11"",
		trees: [[[""host13"",
	 ""switch13"",
	 ""switch14"",
	 ""switch16"",
	 ""switch19"",
	 ""switch17"",
	 ""switch2"",
	 ""switch3"",
	 ""switch4"",
	 ""switch5"",
	 ""switch8"",
	 ""switch7"",
	 ""switch6"",
	 ""switch9"",
	 ""switch10"",
	 ""switch12"",
	 ""switch11"",
	 ""host11""]]]
	}]",,
